0 0 492
0 1 574
0 2 599
0 3 560
0 4 582
0 5 578
0 6 571
0 7 651
0 8 554
0 9 529
0 10 627
0 11 611
0 12 556
0 13 570
0 14 585
0 15 595
0 16 577
0 17 518
0 18 551
0 19 645
0 20 603
0 21 558
0 22 556
0 23 548
0 24 535
0 25 605
0 26 542
0 27 654
0 28 613
0 29 545
0 30 628
0 31 569
0 32 622
0 33 632
0 34 737
0 35 541
0 36 624
0 37 653
0 38 589
0 39 600
0 40 637
0 41 650
0 42 623
0 43 564
0 44 530
0 45 609
0 46 536
0 47 625
0 48 521
0 49 584
0 50 545
0 51 596
0 52 615
0 53 653
0 54 578
0 55 604
0 56 613
0 57 547
0 58 607
0 59 668
0 60 598
0 61 589
0 62 684
0 63 646
0 64 579
0 65 628
0 66 634
0 67 556
0 68 595
0 69 640
0 70 557
0 71 602
0 72 647
0 73 540
0 74 505
0 75 635
0 76 654
0 77 634
0 78 642
0 79 601
0 80 525
0 81 544
0 82 580
0 83 627
0 84 591
0 85 556
0 86 486
0 87 502
0 88 593
0 89 650
0 90 586
0 91 587
0 92 573
0 93 624
0 94 557
0 95 573
0 96 630
0 97 605
0 98 615
0 99 587
1 0 480
1 1 666
1 2 597
1 3 607
1 4 588
1 5 673
1 6 593
1 7 650
1 8 626
1 9 529
1 10 615
1 11 662
1 12 603
1 13 567
1 14 663
1 15 577
1 16 630
1 17 561
1 18 587
1 19 658
1 20 664
1 21 564
1 22 561
1 23 626
1 24 524
1 25 651
1 26 524
1 27 639
1 28 694
1 29 609
1 30 675
1 31 559
1 32 671
1 33 650
1 34 680
1 35 609
1 36 602
1 37 701
1 38 584
1 39 590
1 40 683
1 41 644
1 42 657
1 43 633
1 44 564
1 45 596
1 46 568
1 47 666
1 48 594
1 49 592
1 50 613
1 51 669
1 52 720
1 53 657
1 54 681
1 55 602
1 56 585
1 57 554
1 58 604
1 59 584
1 60 548
1 61 621
1 62 659
1 63 616
1 64 596
1 65 625
1 66 575
1 67 607
1 68 614
1 69 672
1 70 586
1 71 588
1 72 681
1 73 633
1 74 491
1 75 549
1 76 643
1 77 669
1 78 682
1 79 644
1 80 587
1 81 586
1 82 608
1 83 608
1 84 608
1 85 610
1 86 533
1 87 553
1 88 626
1 89 695
1 90 650
1 91 697
1 92 651
1 93 614
1 94 553
1 95 650
1 96 667
1 97 651
1 98 613
1 99 630
2 0 466
2 1 645
2 2 542
2 3 535
2 4 493
2 5 662
2 6 551
2 7 678
2 8 577
2 9 571
2 10 646
2 11 561
2 12 607
2 13 590
2 14 583
2 15 514
2 16 670
2 17 617
2 18 603
2 19 588
2 20 599
2 21 615
2 22 575
2 23 546
2 24 469
2 25 645
2 26 532
2 27 661
2 28 683
2 29 582
2 30 622
2 31 582
2 32 616
2 33 608
2 34 724
2 35 570
2 36 648
2 37 644
2 38 579
2 39 594
2 40 674
2 41 608
2 42 650
2 43 650
2 44 504
2 45 627
2 46 634
2 47 698
2 48 553
2 49 594
2 50 525
2 51 646
2 52 612
2 53 596
2 54 604
2 55 552
2 56 554
2 57 603
2 58 621
2 59 630
2 60 587
2 61 594
2 62 615
2 63 536
2 64 574
2 65 630
2 66 613
2 67 590
2 68 628
2 69 642
2 70 535
2 71 620
2 72 656
2 73 603
2 74 523
2 75 658
2 76 624
2 77 618
2 78 647
2 79 593
2 80 604
2 81 513
2 82 544
2 83 517
2 84 558
2 85 606
2 86 508
2 87 541
2 88 603
2 89 716
2 90 614
2 91 629
2 92 662
2 93 612
2 94 611
2 95 562
2 96 624
2 97 634
2 98 605
2 99 547
3 0 470
3 1 636
3 2 600
3 3 524
3 4 492
3 5 559
3 6 492
3 7 652
3 8 570
3 9 528
3 10 664
3 11 599
3 12 556
3 13 533
3 14 613
3 15 582
3 16 622
3 17 575
3 18 532
3 19 617
3 20 631
3 21 525
3 22 543
3 23 542
3 24 464
3 25 503
3 26 479
3 27 587
3 28 649
3 29 522
3 30 566
3 31 560
3 32 573
3 33 568
3 34 595
3 35 540
3 36 601
3 37 568
3 38 589
3 39 576
3 40 605
3 41 647
3 42 537
3 43 558
3 44 536
3 45 564
3 46 547
3 47 594
3 48 572
3 49 571
3 50 535
3 51 533
3 52 603
3 53 564
3 54 569
3 55 495
3 56 576
3 57 524
3 58 607
3 59 612
3 60 481
3 61 569
3 62 601
3 63 562
3 64 579
3 65 561
3 66 551
3 67 562
3 68 556
3 69 595
3 70 511
3 71 601
3 72 565
3 73 550
3 74 487
3 75 608
3 76 587
3 77 608
3 78 617
3 79 564
3 80 552
3 81 553
3 82 495
3 83 542
3 84 505
3 85 637
3 86 431
3 87 479
3 88 593
3 89 614
3 90 529
3 91 606
3 92 607
3 93 647
3 94 548
3 95 622
3 96 517
3 97 581
3 98 555
3 99 572
4 0 485
4 1 589
4 2 613
4 3 511
4 4 561
4 5 599
4 6 596
4 7 601
4 8 562
4 9 540
4 10 599
4 11 569
4 12 544
4 13 509
4 14 593
4 15 566
4 16 602
4 17 522
4 18 524
4 19 598
4 20 647
4 21 514
4 22 489
4 23 580
4 24 501
4 25 534
4 26 544
4 27 593
4 28 626
4 29 550
4 30 572
4 31 540
4 32 542
4 33 654
4 34 610
4 35 566
4 36 597
4 37 566
4 38 599
4 39 516
4 40 583
4 41 569
4 42 592
4 43 543
4 44 485
4 45 583
4 46 534
4 47 626
4 48 513
4 49 568
4 50 541
4 51 553
4 52 649
4 53 641
4 54 605
4 55 516
4 56 561
4 57 514
4 58 603
4 59 560
4 60 577
4 61 592
4 62 614
4 63 611
4 64 516
4 65 571
4 66 505
4 67 553
4 68 498
4 69 629
4 70 521
4 71 596
4 72 570
4 73 499
4 74 495
4 75 632
4 76 599
4 77 560
4 78 611
4 79 555
4 80 539
4 81 495
4 82 598
4 83 554
4 84 564
4 85 548
4 86 470
4 87 451
4 88 596
4 89 599
4 90 606
4 91 566
4 92 582
4 93 679
4 94 535
4 95 617
4 96 625
4 97 597
4 98 535
4 99 569
5 0 496
5 1 592
5 2 609
5 3 564
5 4 579
5 5 603
5 6 556
5 7 649
5 8 603
5 9 524
5 10 613
5 11 595
5 12 546
5 13 582
5 14 635
5 15 600
5 16 555
5 17 537
5 18 560
5 19 596
5 20 669
5 21 546
5 22 550
5 23 568
5 24 487
5 25 540
5 26 566
5 27 628
5 28 617
5 29 554
5 30 633
5 31 614
5 32 627
5 33 619
5 34 696
5 35 596
5 36 600
5 37 608
5 38 543
5 39 622
5 40 608
5 41 605
5 42 626
5 43 532
5 44 495
5 45 651
5 46 525
5 47 629
5 48 548
5 49 586
5 50 540
5 51 597
5 52 606
5 53 664
5 54 607
5 55 520
5 56 575
5 57 498
5 58 589
5 59 612
5 60 555
5 61 571
5 62 633
5 63 624
5 64 574
5 65 588
5 66 538
5 67 576
5 68 600
5 69 659
5 70 591
5 71 571
5 72 659
5 73 541
5 74 513
5 75 653
5 76 610
5 77 587
5 78 629
5 79 626
5 80 596
5 81 527
5 82 561
5 83 549
5 84 578
5 85 559
5 86 539
5 87 507
5 88 613
5 89 677
5 90 628
5 91 593
5 92 638
5 93 695
5 94 599
5 95 673
5 96 614
5 97 579
5 98 558
5 99 610
6 0 492
6 1 597
6 2 617
6 3 580
6 4 582
6 5 588
6 6 597
6 7 644
6 8 631
6 9 515
6 10 661
6 11 623
6 12 551
6 13 559
6 14 685
6 15 632
6 16 636
6 17 582
6 18 526
6 19 601
6 20 659
6 21 569
6 22 551
6 23 561
6 24 544
6 25 560
6 26 572
6 27 630
6 28 709
6 29 587
6 30 636
6 31 583
6 32 655
6 33 699
6 34 733
6 35 638
6 36 632
6 37 650
6 38 619
6 39 625
6 40 661
6 41 661
6 42 663
6 43 575
6 44 547
6 45 630
6 46 580
6 47 685
6 48 566
6 49 652
6 50 573
6 51 643
6 52 692
6 53 700
6 54 631
6 55 593
6 56 592
6 57 584
6 58 632
6 59 620
6 60 568
6 61 591
6 62 707
6 63 625
6 64 581
6 65 583
6 66 583
6 67 568
6 68 603
6 69 701
6 70 557
6 71 630
6 72 674
6 73 615
6 74 466
6 75 637
6 76 705
6 77 648
6 78 700
6 79 633
6 80 589
6 81 619
6 82 613
6 83 562
6 84 617
6 85 571
6 86 526
6 87 550
6 88 619
6 89 700
6 90 639
6 91 629
6 92 640
6 93 650
6 94 627
6 95 647
6 96 646
6 97 667
6 98 566
6 99 601
7 0 534
7 1 668
7 2 615
7 3 606
7 4 569
7 5 675
7 6 617
7 7 725
7 8 579
7 9 578
7 10 672
7 11 622
7 12 646
7 13 585
7 14 708
7 15 581
7 16 708
7 17 616
7 18 607
7 19 648
7 20 629
7 21 601
7 22 635
7 23 654
7 24 576
7 25 675
7 26 553
7 27 658
7 28 786
7 29 638
7 30 620
7 31 599
7 32 632
7 33 644
7 34 726
7 35 624
7 36 674
7 37 686
7 38 657
7 39 637
7 40 650
7 41 610
7 42 673
7 43 644
7 44 553
7 45 650
7 46 654
7 47 654
7 48 547
7 49 591
7 50 582
7 51 642
7 52 687
7 53 621
7 54 734
7 55 621
7 56 651
7 57 589
7 58 662
7 59 621
7 60 642
7 61 650
7 62 731
7 63 623
7 64 595
7 65 661
7 66 662
7 67 624
7 68 595
7 69 651
7 70 523
7 71 719
7 72 702
7 73 609
7 74 542
7 75 654
7 76 639
7 77 634
7 78 685
7 79 632
7 80 612
7 81 541
7 82 618
7 83 556
7 84 610
7 85 621
7 86 546
7 87 542
7 88 614
7 89 689
7 90 608
7 91 666
7 92 665
7 93 663
7 94 608
7 95 637
7 96 661
7 97 709
7 98 638
7 99 627
8 0 553
8 1 634
8 2 644
8 3 612
8 4 576
8 5 660
8 6 663
8 7 715
8 8 602
8 9 598
8 10 585
8 11 648
8 12 630
8 13 626
8 14 667
8 15 640
8 16 635
8 17 568
8 18 617
8 19 725
8 20 703
8 21 584
8 22 608
8 23 662
8 24 496
8 25 605
8 26 558
8 27 659
8 28 721
8 29 573
8 30 612
8 31 548
8 32 654
8 33 640
8 34 709
8 35 650
8 36 653
8 37 610
8 38 610
8 39 604
8 40 638
8 41 622
8 42 635
8 43 654
8 44 524
8 45 549
8 46 624
8 47 660
8 48 561
8 49 622
8 50 649
8 51 619
8 52 719
8 53 696
8 54 698
8 55 601
8 56 651
8 57 604
8 58 637
8 59 578
8 60 640
8 61 587
8 62 719
8 63 680
8 64 629
8 65 648
8 66 606
8 67 558
8 68 625
8 69 638
8 70 607
8 71 694
8 72 683
8 73 641
8 74 578
8 75 658
8 76 640
8 77 684
8 78 660
8 79 617
8 80 600
8 81 579
8 82 660
8 83 630
8 84 618
8 85 611
8 86 560
8 87 542
8 88 638
8 89 697
8 90 650
8 91 670
8 92 658
8 93 719
8 94 623
8 95 674
8 96 656
8 97 715
8 98 616
8 99 629
9 0 509
9 1 666
9 2 634
9 3 596
9 4 565
9 5 623
9 6 630
9 7 695
9 8 691
9 9 609
9 10 698
9 11 635
9 12 663
9 13 663
9 14 679
9 15 631
9 16 679
9 17 641
9 18 663
9 19 679
9 20 737
9 21 576
9 22 621
9 23 560
9 24 496
9 25 663
9 26 605
9 27 662
9 28 753
9 29 671
9 30 664
9 31 598
9 32 706
9 33 710
9 34 768
9 35 609
9 36 743
9 37 735
9 38 607
9 39 664
9 40 645
9 41 667
9 42 681
9 43 624
9 44 523
9 45 689
9 46 663
9 47 723
9 48 596
9 49 623
9 50 643
9 51 655
9 52 723
9 53 718
9 54 699
9 55 604
9 56 643
9 57 638
9 58 683
9 59 574
9 60 596
9 61 607
9 62 704
9 63 644
9 64 668
9 65 688
9 66 597
9 67 603
9 68 672
9 69 721
9 70 648
9 71 686
9 72 708
9 73 670
9 74 560
9 75 613
9 76 710
9 77 698
9 78 717
9 79 630
9 80 621
9 81 587
9 82 654
9 83 615
9 84 678
9 85 599
9 86 574
9 87 606
9 88 633
9 89 673
9 90 644
9 91 704
9 92 682
9 93 693
9 94 639
9 95 679
9 96 664
9 97 673
9 98 608
9 99 665
10 0 547
10 1 690
10 2 719
10 3 633
10 4 632
10 5 699
10 6 701
10 7 781
10 8 728
10 9 585
10 10 786
10 11 673
10 12 739
10 13 664
10 14 693
10 15 671
10 16 701
10 17 722
10 18 702
10 19 737
10 20 775
10 21 644
10 22 637
10 23 637
10 24 584
10 25 685
10 26 639
10 27 732
10 28 850
10 29 673
10 30 708
10 31 699
10 32 716
10 33 757
10 34 825
10 35 690
10 36 722
10 37 726
10 38 731
10 39 669
10 40 682
10 41 736
10 42 704
10 43 666
10 44 583
10 45 727
10 46 712
10 47 755
10 48 630
10 49 622
10 50 712
10 51 715
10 52 815
10 53 775
10 54 685
10 55 709
10 56 664
10 57 688
10 58 676
10 59 705
10 60 731
10 61 671
10 62 737
10 63 663
10 64 690
10 65 689
10 66 625
10 67 672
10 68 670
10 69 759
10 70 633
10 71 740
10 72 755
10 73 681
10 74 597
10 75 724
10 76 789
10 77 716
10 78 737
10 79 683
10 80 689
10 81 605
10 82 732
10 83 688
10 84 656
10 85 705
10 86 601
10 87 626
10 88 708
10 89 721
10 90 748
10 91 739
10 92 747
10 93 760
10 94 705
10 95 714
10 96 704
10 97 730
10 98 704
10 99 664
11 0 473
11 1 628
11 2 563
11 3 499
11 4 530
11 5 576
11 6 489
11 7 591
11 8 582
11 9 548
11 10 619
11 11 546
11 12 614
11 13 558
11 14 624
11 15 555
11 16 609
11 17 563
11 18 572
11 19 594
11 20 612
11 21 501
11 22 495
11 23 472
11 24 475
11 25 555
11 26 491
11 27 547
11 28 676
11 29 468
11 30 626
11 31 593
11 32 575
11 33 584
11 34 650
11 35 593
11 36 599
11 37 612
11 38 580
11 39 555
11 40 602
11 41 606
11 42 551
11 43 543
11 44 458
11 45 645
11 46 533
11 47 627
11 48 578
11 49 551
11 50 557
11 51 532
11 52 642
11 53 634
11 54 553
11 55 534
11 56 550
11 57 550
11 58 550
11 59 545
11 60 543
11 61 512
11 62 610
11 63 553
11 64 534
11 65 539
11 66 529
11 67 502
11 68 555
11 69 593
11 70 577
11 71 555
11 72 617
11 73 548
11 74 477
11 75 587
11 76 562
11 77 686
11 78 609
11 79 574
11 80 567
11 81 477
11 82 576
11 83 502
11 84 488
11 85 595
11 86 475
11 87 506
11 88 588
11 89 617
11 90 620
11 91 658
11 92 557
11 93 602
11 94 577
11 95 570
11 96 554
11 97 594
11 98 553
11 99 556
12 0 553
12 1 673
12 2 563
12 3 610
12 4 602
12 5 627
12 6 605
12 7 668
12 8 652
12 9 617
12 10 690
12 11 629
12 12 629
12 13 581
12 14 634
12 15 575
12 16 658
12 17 605
12 18 600
12 19 644
12 20 617
12 21 589
12 22 626
12 23 630
12 24 522
12 25 639
12 26 571
12 27 678
12 28 777
12 29 585
12 30 684
12 31 629
12 32 674
12 33 682
12 34 748
12 35 573
12 36 684
12 37 645
12 38 624
12 39 679
12 40 667
12 41 694
12 42 615
12 43 580
12 44 501
12 45 642
12 46 611
12 47 655
12 48 636
12 49 572
12 50 641
12 51 640
12 52 677
12 53 657
12 54 665
12 55 619
12 56 622
12 57 567
12 58 665
12 59 643
12 60 598
12 61 649
12 62 735
12 63 653
12 64 617
12 65 660
12 66 552
12 67 600
12 68 595
12 69 707
12 70 576
12 71 581
12 72 668
12 73 580
12 74 546
12 75 617
12 76 657
12 77 676
12 78 686
12 79 592
12 80 629
12 81 598
12 82 620
12 83 593
12 84 589
12 85 624
12 86 552
12 87 545
12 88 612
12 89 712
12 90 631
12 91 646
12 92 609
12 93 669
12 94 605
12 95 599
12 96 661
12 97 656
12 98 622
12 99 636
13 0 517
13 1 618
13 2 606
13 3 517
13 4 529
13 5 605
13 6 537
13 7 721
13 8 569
13 9 595
13 10 661
13 11 579
13 12 616
13 13 579
13 14 648
13 15 555
13 16 656
13 17 558
13 18 649
13 19 692
13 20 670
13 21 551
13 22 555
13 23 576
13 24 507
13 25 645
13 26 496
13 27 653
13 28 745
13 29 583
13 30 627
13 31 571
13 32 642
13 33 636
13 34 697
13 35 599
13 36 705
13 37 667
13 38 571
13 39 631
13 40 727
13 41 660
13 42 627
13 43 648
13 44 493
13 45 625
13 46 589
13 47 634
13 48 571
13 49 567
13 50 585
13 51 600
13 52 664
13 53 661
13 54 638
13 55 554
13 56 601
13 57 566
13 58 617
13 59 620
13 60 552
13 61 575
13 62 666
13 63 608
13 64 634
13 65 641
13 66 608
13 67 568
13 68 641
13 69 683
13 70 553
13 71 631
13 72 706
13 73 618
13 74 560
13 75 680
13 76 650
13 77 625
13 78 636
13 79 601
13 80 617
13 81 545
13 82 592
13 83 561
13 84 609
13 85 603
13 86 494
13 87 543
13 88 654
13 89 740
13 90 621
13 91 685
13 92 662
13 93 667
13 94 613
13 95 629
13 96 595
13 97 611
13 98 642
13 99 617
14 0 495
14 1 616
14 2 589
14 3 579
14 4 593
14 5 627
14 6 571
14 7 647
14 8 610
14 9 613
14 10 658
14 11 620
14 12 623
14 13 584
14 14 628
14 15 541
14 16 638
14 17 571
14 18 617
14 19 661
14 20 653
14 21 569
14 22 577
14 23 589
14 24 538
14 25 617
14 26 551
14 27 660
14 28 691
14 29 552
14 30 635
14 31 570
14 32 638
14 33 649
14 34 735
14 35 636
14 36 655
14 37 611
14 38 634
14 39 629
14 40 630
14 41 703
14 42 617
14 43 596
14 44 526
14 45 592
14 46 560
14 47 682
14 48 586
14 49 596
14 50 621
14 51 604
14 52 675
14 53 671
14 54 660
14 55 605
14 56 591
14 57 584
14 58 605
14 59 629
14 60 617
14 61 574
14 62 659
14 63 635
14 64 622
14 65 619
14 66 600
14 67 606
14 68 611
14 69 628
14 70 550
14 71 638
14 72 690
14 73 585
14 74 504
14 75 667
14 76 645
14 77 592
14 78 648
14 79 616
14 80 611
14 81 567
14 82 634
14 83 590
14 84 596
14 85 633
14 86 541
14 87 459
14 88 616
14 89 700
14 90 645
14 91 639
14 92 664
14 93 646
14 94 585
14 95 611
14 96 636
14 97 659
14 98 556
14 99 589
15 0 525
15 1 631
15 2 645
15 3 505
15 4 536
15 5 603
15 6 599
15 7 697
15 8 597
15 9 533
15 10 660
15 11 571
15 12 639
15 13 532
15 14 605
15 15 589
15 16 620
15 17 603
15 18 548
15 19 661
15 20 682
15 21 593
15 22 533
15 23 621
15 24 514
15 25 562
15 26 514
15 27 632
15 28 736
15 29 552
15 30 647
15 31 570
15 32 597
15 33 651
15 34 675
15 35 619
15 36 633
15 37 616
15 38 635
15 39 583
15 40 627
15 41 631
15 42 566
15 43 583
15 44 525
15 45 538
15 46 588
15 47 643
15 48 556
15 49 597
15 50 557
15 51 549
15 52 590
15 53 670
15 54 615
15 55 560
15 56 621
15 57 600
15 58 573
15 59 619
15 60 611
15 61 586
15 62 660
15 63 593
15 64 595
15 65 614
15 66 548
15 67 543
15 68 571
15 69 640
15 70 556
15 71 643
15 72 604
15 73 554
15 74 558
15 75 671
15 76 616
15 77 626
15 78 662
15 79 562
15 80 596
15 81 503
15 82 550
15 83 618
15 84 602
15 85 599
15 86 493
15 87 491
15 88 626
15 89 641
15 90 601
15 91 601
15 92 627
15 93 686
15 94 551
15 95 577
15 96 597
15 97 658
15 98 607
15 99 568
16 0 521
16 1 614
16 2 578
16 3 564
16 4 550
16 5 625
16 6 575
16 7 692
16 8 581
16 9 538
16 10 660
16 11 583
16 12 596
16 13 578
16 14 621
16 15 586
16 16 648
16 17 588
16 18 530
16 19 698
16 20 628
16 21 563
16 22 551
16 23 610
16 24 553
16 25 575
16 26 498
16 27 639
16 28 722
16 29 567
16 30 654
16 31 568
16 32 621
16 33 650
16 34 695
16 35 604
16 36 651
16 37 609
16 38 623
16 39 581
16 40 640
16 41 661
16 42 593
16 43 638
16 44 493
16 45 638
16 46 549
16 47 592
16 48 548
16 49 602
16 50 566
16 51 602
16 52 562
16 53 642
16 54 599
16 55 570
16 56 609
16 57 584
16 58 598
16 59 591
16 60 576
16 61 574
16 62 687
16 63 612
16 64 558
16 65 620
16 66 627
16 67 548
16 68 595
16 69 625
16 70 581
16 71 628
16 72 674
16 73 591
16 74 503
16 75 672
16 76 660
16 77 610
16 78 627
16 79 594
16 80 588
16 81 562
16 82 592
16 83 548
16 84 616
16 85 615
16 86 505
16 87 511
16 88 633
16 89 730
16 90 622
16 91 603
16 92 620
16 93 700
16 94 605
16 95 534
16 96 589
16 97 614
16 98 646
16 99 571
17 0 515
17 1 575
17 2 650
17 3 556
17 4 533
17 5 633
17 6 568
17 7 627
17 8 579
17 9 490
17 10 616
17 11 601
17 12 591
17 13 525
17 14 609
17 15 616
17 16 597
17 17 524
17 18 578
17 19 658
17 20 618
17 21 551
17 22 537
17 23 535
17 24 503
17 25 493
17 26 532
17 27 637
17 28 671
17 29 464
17 30 604
17 31 582
17 32 650
17 33 634
17 34 649
17 35 583
17 36 591
17 37 594
17 38 611
17 39 582
17 40 627
17 41 650
17 42 575
17 43 576
17 44 485
17 45 559
17 46 578
17 47 635
17 48 520
17 49 551
17 50 605
17 51 584
17 52 685
17 53 593
17 54 617
17 55 539
17 56 561
17 57 552
17 58 586
17 59 558
17 60 603
17 61 496
17 62 631
17 63 600
17 64 560
17 65 628
17 66 534
17 67 553
17 68 591
17 69 625
17 70 538
17 71 615
17 72 648
17 73 556
17 74 503
17 75 583
17 76 619
17 77 603
17 78 647
17 79 591
17 80 564
17 81 502
17 82 630
17 83 550
17 84 545
17 85 580
17 86 510
17 87 522
17 88 620
17 89 656
17 90 559
17 91 617
17 92 623
17 93 629
17 94 582
17 95 583
17 96 543
17 97 561
17 98 566
17 99 606
18 0 575
18 1 728
18 2 755
18 3 680
18 4 660
18 5 692
18 6 681
18 7 788
18 8 755
18 9 654
18 10 761
18 11 751
18 12 702
18 13 701
18 14 783
18 15 696
18 16 702
18 17 678
18 18 692
18 19 751
18 20 804
18 21 611
18 22 651
18 23 602
18 24 644
18 25 678
18 26 643
18 27 706
18 28 831
18 29 682
18 30 750
18 31 672
18 32 804
18 33 756
18 34 837
18 35 726
18 36 766
18 37 800
18 38 711
18 39 751
18 40 725
18 41 746
18 42 764
18 43 678
18 44 654
18 45 745
18 46 712
18 47 740
18 48 689
18 49 701
18 50 663
18 51 694
18 52 762
18 53 776
18 54 708
18 55 647
18 56 693
18 57 692
18 58 686
18 59 723
18 60 685
18 61 655
18 62 773
18 63 784
18 64 755
18 65 698
18 66 689
18 67 725
18 68 712
18 69 782
18 70 695
18 71 712
18 72 803
18 73 673
18 74 595
18 75 707
18 76 762
18 77 787
18 78 790
18 79 783
18 80 728
18 81 669
18 82 700
18 83 688
18 84 738
18 85 741
18 86 601
18 87 594
18 88 723
18 89 806
18 90 771
18 91 779
18 92 770
18 93 767
18 94 627
18 95 761
18 96 696
18 97 737
18 98 682
18 99 750
19 0 514
19 1 632
19 2 603
19 3 533
19 4 533
19 5 620
19 6 586
19 7 639
19 8 591
19 9 586
19 10 624
19 11 597
19 12 628
19 13 593
19 14 596
19 15 577
19 16 665
19 17 597
19 18 622
19 19 583
19 20 653
19 21 554
19 22 554
19 23 574
19 24 477
19 25 573
19 26 556
19 27 642
19 28 749
19 29 580
19 30 615
19 31 589
19 32 688
19 33 615
19 34 645
19 35 633
19 36 634
19 37 632
19 38 561
19 39 596
19 40 653
19 41 637
19 42 649
19 43 624
19 44 553
19 45 627
19 46 647
19 47 660
19 48 580
19 49 609
19 50 587
19 51 616
19 52 617
19 53 569
19 54 617
19 55 535
19 56 585
19 57 545
19 58 621
19 59 591
19 60 596
19 61 544
19 62 682
19 63 561
19 64 594
19 65 623
19 66 542
19 67 597
19 68 613
19 69 660
19 70 541
19 71 640
19 72 620
19 73 604
19 74 473
19 75 628
19 76 629
19 77 657
19 78 691
19 79 609
19 80 595
19 81 586
19 82 551
19 83 597
19 84 599
19 85 579
19 86 550
19 87 549
19 88 579
19 89 652
19 90 611
19 91 575
19 92 616
19 93 633
19 94 582
19 95 626
19 96 602
19 97 662
19 98 589
19 99 621
20 0 521
20 1 628
20 2 582
20 3 540
20 4 549
20 5 666
20 6 572
20 7 654
20 8 623
20 9 562
20 10 731
20 11 650
20 12 629
20 13 598
20 14 653
20 15 604
20 16 703
20 17 597
20 18 599
20 19 653
20 20 730
20 21 566
20 22 615
20 23 604
20 24 522
20 25 635
20 26 548
20 27 658
20 28 646
20 29 606
20 30 632
20 31 603
20 32 624
20 33 691
20 34 699
20 35 565
20 36 696
20 37 699
20 38 593
20 39 609
20 40 687
20 41 685
20 42 596
20 43 626
20 44 521
20 45 680
20 46 638
20 47 664
20 48 553
20 49 608
20 50 607
20 51 631
20 52 657
20 53 651
20 54 632
20 55 549
20 56 621
20 57 624
20 58 659
20 59 650
20 60 586
20 61 589
20 62 709
20 63 588
20 64 627
20 65 638
20 66 611
20 67 630
20 68 647
20 69 728
20 70 606
20 71 637
20 72 687
20 73 620
20 74 483
20 75 633
20 76 681
20 77 601
20 78 718
20 79 662
20 80 599
20 81 551
20 82 580
20 83 643
20 84 661
20 85 621
20 86 531
20 87 579
20 88 644
20 89 672
20 90 599
20 91 676
20 92 638
20 93 657
20 94 616
20 95 675
20 96 589
20 97 609
20 98 605
20 99 602
21 0 561
21 1 640
21 2 622
21 3 580
21 4 533
21 5 640
21 6 627
21 7 702
21 8 612
21 9 607
21 10 697
21 11 612
21 12 634
21 13 613
21 14 702
21 15 664
21 16 707
21 17 640
21 18 593
21 19 684
21 20 736
21 21 603
21 22 641
21 23 641
21 24 535
21 25 642
21 26 581
21 27 628
21 28 701
21 29 623
21 30 608
21 31 633
21 32 643
21 33 694
21 34 738
21 35 658
21 36 661
21 37 645
21 38 648
21 39 635
21 40 647
21 41 654
21 42 692
21 43 663
21 44 550
21 45 660
21 46 656
21 47 727
21 48 603
21 49 612
21 50 631
21 51 589
21 52 661
21 53 660
21 54 630
21 55 574
21 56 666
21 57 651
21 58 639
21 59 641
21 60 604
21 61 628
21 62 667
21 63 646
21 64 672
21 65 632
21 66 570
21 67 594
21 68 681
21 69 703
21 70 592
21 71 640
21 72 685
21 73 630
21 74 466
21 75 665
21 76 696
21 77 671
21 78 697
21 79 686
21 80 614
21 81 554
21 82 631
21 83 622
21 84 602
21 85 598
21 86 531
21 87 570
21 88 625
21 89 712
21 90 665
21 91 664
21 92 676
21 93 660
21 94 664
21 95 664
21 96 578
21 97 638
21 98 606
21 99 646
22 0 558
22 1 672
22 2 585
22 3 609
22 4 583
22 5 686
22 6 631
22 7 738
22 8 605
22 9 607
22 10 683
22 11 604
22 12 619
22 13 576
22 14 744
22 15 613
22 16 668
22 17 594
22 18 627
22 19 739
22 20 679
22 21 576
22 22 623
22 23 663
22 24 558
22 25 664
22 26 534
22 27 688
22 28 806
22 29 602
22 30 669
22 31 630
22 32 668
22 33 689
22 34 747
22 35 703
22 36 701
22 37 630
22 38 658
22 39 587
22 40 697
22 41 654
22 42 601
22 43 666
22 44 539
22 45 655
22 46 678
22 47 709
22 48 609
22 49 635
22 50 610
22 51 592
22 52 620
22 53 685
22 54 667
22 55 605
22 56 654
22 57 644
22 58 676
22 59 713
22 60 595
22 61 611
22 62 771
22 63 635
22 64 686
22 65 672
22 66 655
22 67 615
22 68 612
22 69 703
22 70 551
22 71 701
22 72 695
22 73 684
22 74 587
22 75 661
22 76 662
22 77 672
22 78 676
22 79 663
22 80 603
22 81 574
22 82 647
22 83 634
22 84 651
22 85 669
22 86 537
22 87 581
22 88 644
22 89 718
22 90 661
22 91 691
22 92 690
22 93 710
22 94 673
22 95 616
22 96 646
22 97 643
22 98 617
22 99 656
23 0 507
23 1 685
23 2 673
23 3 620
23 4 593
23 5 641
23 6 661
23 7 717
23 8 691
23 9 621
23 10 697
23 11 664
23 12 602
23 13 648
23 14 657
23 15 651
23 16 696
23 17 656
23 18 642
23 19 657
23 20 745
23 21 585
23 22 603
23 23 624
23 24 554
23 25 659
23 26 634
23 27 677
23 28 778
23 29 656
23 30 713
23 31 634
23 32 678
23 33 710
23 34 729
23 35 657
23 36 686
23 37 689
23 38 671
23 39 639
23 40 678
23 41 637
23 42 725
23 43 638
23 44 610
23 45 690
23 46 634
23 47 745
23 48 615
23 49 630
23 50 629
23 51 704
23 52 719
23 53 713
23 54 695
23 55 621
23 56 633
23 57 613
23 58 663
23 59 644
23 60 617
23 61 639
23 62 745
23 63 666
23 64 600
23 65 657
23 66 677
23 67 628
23 68 661
23 69 714
23 70 608
23 71 679
23 72 701
23 73 617
23 74 568
23 75 706
23 76 686
23 77 694
23 78 729
23 79 628
23 80 627
23 81 596
23 82 694
23 83 578
23 84 646
23 85 672
23 86 561
23 87 558
23 88 649
23 89 686
23 90 717
23 91 698
23 92 685
23 93 756
23 94 684
23 95 690
23 96 684
23 97 683
23 98 635
23 99 673
24 0 494
24 1 671
24 2 599
24 3 559
24 4 548
24 5 570
24 6 553
24 7 688
24 8 613
24 9 592
24 10 601
24 11 610
24 12 611
24 13 564
24 14 596
24 15 584
24 16 647
24 17 599
24 18 547
24 19 616
24 20 658
24 21 534
24 22 549
24 23 584
24 24 515
24 25 592
24 26 536
24 27 608
24 28 684
24 29 581
24 30 643
24 31 580
24 32 652
24 33 631
24 34 709
24 35 632
24 36 627
24 37 586
24 38 561
24 39 629
24 40 633
24 41 603
24 42 652
24 43 584
24 44 520
24 45 597
24 46 607
24 47 684
24 48 571
24 49 608
24 50 579
24 51 602
24 52 689
24 53 629
24 54 644
24 55 553
24 56 549
24 57 573
24 58 627
24 59 609
24 60 550
24 61 583
24 62 698
24 63 640
24 64 549
24 65 575
24 66 577
24 67 540
24 68 630
24 69 653
24 70 580
24 71 608
24 72 669
24 73 578
24 74 461
24 75 627
24 76 620
24 77 685
24 78 656
24 79 569
24 80 589
24 81 530
24 82 595
24 83 546
24 84 554
24 85 563
24 86 542
24 87 540
24 88 590
24 89 648
24 90 632
24 91 614
24 92 637
24 93 645
24 94 612
24 95 635
24 96 593
24 97 630
24 98 554
24 99 595
25 0 546
25 1 633
25 2 648
25 3 600
25 4 609
25 5 631
25 6 608
25 7 742
25 8 647
25 9 522
25 10 690
25 11 605
25 12 657
25 13 643
25 14 645
25 15 667
25 16 687
25 17 602
25 18 624
25 19 703
25 20 720
25 21 604
25 22 646
25 23 597
25 24 549
25 25 587
25 26 603
25 27 636
25 28 738
25 29 610
25 30 648
25 31 600
25 32 650
25 33 726
25 34 736
25 35 664
25 36 706
25 37 715
25 38 620
25 39 614
25 40 608
25 41 619
25 42 666
25 43 613
25 44 541
25 45 650
25 46 636
25 47 689
25 48 592
25 49 611
25 50 636
25 51 623
25 52 688
25 53 698
25 54 609
25 55 617
25 56 641
25 57 562
25 58 639
25 59 652
25 60 654
25 61 661
25 62 735
25 63 632
25 64 645
25 65 636
25 66 599
25 67 587
25 68 625
25 69 708
25 70 627
25 71 683
25 72 744
25 73 625
25 74 556
25 75 683
25 76 687
25 77 686
25 78 703
25 79 646
25 80 656
25 81 573
25 82 616
25 83 577
25 84 665
25 85 624
25 86 565
25 87 547
25 88 608
25 89 719
25 90 679
25 91 644
25 92 699
25 93 657
25 94 620
25 95 703
25 96 628
25 97 703
25 98 700
25 99 633
26 0 480
26 1 522
26 2 552
26 3 482
26 4 457
26 5 525
26 6 508
26 7 597
26 8 493
26 9 463
26 10 586
26 11 500
26 12 496
26 13 547
26 14 551
26 15 514
26 16 552
26 17 519
26 18 508
26 19 566
26 20 588
26 21 437
26 22 480
26 23 496
26 24 471
26 25 509
26 26 488
26 27 543
26 28 617
26 29 505
26 30 499
26 31 441
26 32 506
26 33 596
26 34 590
26 35 549
26 36 597
26 37 584
26 38 509
26 39 463
26 40 558
26 41 487
26 42 544
26 43 521
26 44 474
26 45 553
26 46 483
26 47 568
26 48 463
26 49 542
26 50 483
26 51 526
26 52 574
26 53 560
26 54 529
26 55 516
26 56 536
26 57 511
26 58 529
26 59 518
26 60 541
26 61 513
26 62 595
26 63 516
26 64 508
26 65 547
26 66 519
26 67 453
26 68 497
26 69 575
26 70 496
26 71 592
26 72 590
26 73 548
26 74 441
26 75 574
26 76 540
26 77 576
26 78 528
26 79 525
26 80 539
26 81 445
26 82 510
26 83 511
26 84 545
26 85 503
26 86 423
26 87 433
26 88 543
26 89 560
26 90 537
26 91 553
26 92 575
26 93 538
26 94 518
26 95 533
26 96 515
26 97 512
26 98 530
26 99 501
27 0 463
27 1 536
27 2 610
27 3 572
27 4 519
27 5 641
27 6 586
27 7 624
27 8 545
27 9 500
27 10 630
27 11 624
27 12 630
27 13 572
27 14 642
27 15 566
27 16 627
27 17 562
27 18 580
27 19 648
27 20 621
27 21 581
27 22 569
27 23 616
27 24 483
27 25 552
27 26 553
27 27 599
27 28 682
27 29 521
27 30 624
27 31 542
27 32 579
27 33 649
27 34 676
27 35 598
27 36 582
27 37 624
27 38 593
27 39 557
27 40 602
27 41 607
27 42 608
27 43 569
27 44 523
27 45 595
27 46 627
27 47 660
27 48 519
27 49 542
27 50 555
27 51 566
27 52 580
27 53 606
27 54 624
27 55 520
27 56 582
27 57 527
27 58 610
27 59 569
27 60 537
27 61 559
27 62 658
27 63 560
27 64 618
27 65 537
27 66 546
27 67 587
27 68 592
27 69 680
27 70 550
27 71 583
27 72 636
27 73 581
27 74 477
27 75 622
27 76 634
27 77 597
27 78 645
27 79 626
27 80 561
27 81 514
27 82 619
27 83 590
27 84 651
27 85 601
27 86 473
27 87 485
27 88 571
27 89 699
27 90 581
27 91 614
27 92 598
27 93 629
27 94 550
27 95 577
27 96 604
27 97 635
27 98 607
27 99 603
28 0 505
28 1 657
28 2 639
28 3 604
28 4 536
28 5 618
28 6 592
28 7 630
28 8 598
28 9 550
28 10 652
28 11 604
28 12 607
28 13 567
28 14 651
28 15 587
28 16 700
28 17 614
28 18 600
28 19 604
28 20 663
28 21 569
28 22 551
28 23 559
28 24 475
28 25 603
28 26 541
28 27 707
28 28 686
28 29 582
28 30 642
28 31 539
28 32 635
28 33 685
28 34 702
28 35 613
28 36 689
28 37 658
28 38 642
28 39 581
28 40 699
28 41 626
28 42 648
28 43 619
28 44 525
28 45 669
28 46 612
28 47 768
28 48 587
28 49 597
28 50 581
28 51 661
28 52 660
28 53 631
28 54 627
28 55 564
28 56 560
28 57 570
28 58 652
28 59 626
28 60 584
28 61 634
28 62 667
28 63 608
28 64 587
28 65 619
28 66 593
28 67 554
28 68 639
28 69 675
28 70 546
28 71 680
28 72 662
28 73 584
28 74 523
28 75 637
28 76 636
28 77 658
28 78 679
28 79 595
28 80 603
28 81 527
28 82 596
28 83 561
28 84 633
28 85 630
28 86 524
28 87 555
28 88 592
28 89 695
28 90 624
28 91 663
28 92 640
28 93 662
28 94 624
28 95 639
28 96 575
28 97 569
28 98 612
28 99 641
29 0 543
29 1 636
29 2 707
29 3 634
29 4 625
29 5 674
29 6 640
29 7 679
29 8 623
29 9 551
29 10 680
29 11 644
29 12 683
29 13 623
29 14 634
29 15 656
29 16 646
29 17 621
29 18 595
29 19 706
29 20 716
29 21 591
29 22 580
29 23 597
29 24 543
29 25 599
29 26 614
29 27 721
29 28 718
29 29 633
29 30 677
29 31 610
29 32 657
29 33 666
29 34 745
29 35 610
29 36 652
29 37 648
29 38 681
29 39 653
29 40 656
29 41 682
29 42 650
29 43 607
29 44 578
29 45 658
29 46 610
29 47 697
29 48 616
29 49 584
29 50 592
29 51 638
29 52 671
29 53 682
29 54 660
29 55 618
29 56 695
29 57 605
29 58 652
29 59 668
29 60 627
29 61 639
29 62 665
29 63 692
29 64 624
29 65 642
29 66 564
29 67 534
29 68 638
29 69 654
29 70 612
29 71 656
29 72 699
29 73 621
29 74 524
29 75 640
29 76 674
29 77 701
29 78 711
29 79 618
29 80 628
29 81 559
29 82 643
29 83 614
29 84 600
29 85 579
29 86 506
29 87 538
29 88 638
29 89 723
29 90 623
29 91 638
29 92 662
29 93 667
29 94 619
29 95 642
29 96 628
29 97 633
29 98 667
29 99 654
30 0 491
30 1 620
30 2 651
30 3 576
30 4 528
30 5 625
30 6 595
30 7 659
30 8 622
30 9 542
30 10 675
30 11 584
30 12 653
30 13 597
30 14 650
30 15 616
30 16 670
30 17 582
30 18 586
30 19 621
30 20 620
30 21 597
30 22 643
30 23 568
30 24 518
30 25 622
30 26 570
30 27 633
30 28 719
30 29 539
30 30 566
30 31 602
30 32 611
30 33 691
30 34 770
30 35 579
30 36 650
30 37 695
30 38 569
30 39 610
30 40 628
30 41 650
30 42 681
30 43 514
30 44 537
30 45 638
30 46 576
30 47 616
30 48 629
30 49 582
30 50 596
30 51 592
30 52 657
30 53 685
30 54 598
30 55 565
30 56 605
30 57 585
30 58 673
30 59 634
30 60 598
30 61 585
30 62 631
30 63 597
30 64 620
30 65 652
30 66 546
30 67 604
30 68 650
30 69 684
30 70 606
30 71 670
30 72 636
30 73 582
30 74 514
30 75 617
30 76 639
30 77 671
30 78 671
30 79 638
30 80 643
30 81 478
30 82 602
30 83 595
30 84 618
30 85 632
30 86 495
30 87 544
30 88 559
30 89 678
30 90 593
30 91 623
30 92 640
30 93 664
30 94 624
30 95 624
30 96 603
30 97 650
30 98 586
30 99 555
31 0 453
31 1 554
31 2 603
31 3 511
31 4 464
31 5 513
31 6 517
31 7 605
31 8 466
31 9 489
31 10 564
31 11 472
31 12 543
31 13 465
31 14 562
31 15 521
31 16 578
31 17 486
31 18 464
31 19 535
31 20 572
31 21 475
31 22 490
31 23 528
31 24 437
31 25 477
31 26 468
31 27 572
31 28 567
31 29 525
31 30 480
31 31 463
31 32 518
31 33 580
31 34 556
31 35 526
31 36 579
31 37 530
31 38 556
31 39 490
31 40 562
31 41 533
31 42 582
31 43 529
31 44 469
31 45 493
31 46 452
31 47 572
31 48 482
31 49 502
31 50 493
31 51 506
31 52 558
31 53 522
31 54 542
31 55 460
31 56 505
31 57 514
31 58 553
31 59 524
31 60 470
31 61 516
31 62 528
31 63 565
31 64 485
31 65 545
31 66 479
31 67 455
31 68 526
31 69 557
31 70 447
31 71 589
31 72 496
31 73 506
31 74 406
31 75 566
31 76 493
31 77 519
31 78 574
31 79 531
31 80 507
31 81 522
31 82 513
31 83 507
31 84 535
31 85 485
31 86 472
31 87 404
31 88 552
31 89 577
31 90 518
31 91 520
31 92 544
31 93 590
31 94 445
31 95 572
31 96 495
31 97 598
31 98 504
31 99 540
32 0 499
32 1 687
32 2 649
32 3 618
32 4 605
32 5 628
32 6 608
32 7 708
32 8 601
32 9 590
32 10 717
32 11 618
32 12 639
32 13 582
32 14 693
32 15 629
32 16 680
32 17 580
32 18 618
32 19 686
32 20 637
32 21 578
32 22 638
32 23 609
32 24 534
32 25 595
32 26 565
32 27 705
32 28 791
32 29 581
32 30 662
32 31 663
32 32 657
32 33 688
32 34 723
32 35 660
32 36 697
32 37 688
32 38 658
32 39 611
32 40 686
32 41 662
32 42 592
32 43 606
32 44 554
32 45 656
32 46 660
32 47 692
32 48 601
32 49 655
32 50 624
32 51 628
32 52 670
32 53 663
32 54 647
32 55 584
32 56 654
32 57 561
32 58 675
32 59 715
32 60 635
32 61 661
32 62 736
32 63 631
32 64 642
32 65 641
32 66 629
32 67 615
32 68 669
32 69 706
32 70 554
32 71 723
32 72 720
32 73 651
32 74 546
32 75 651
32 76 658
32 77 698
32 78 723
32 79 624
32 80 643
32 81 570
32 82 641
32 83 630
32 84 665
32 85 659
32 86 510
32 87 555
32 88 627
32 89 736
32 90 645
32 91 631
32 92 663
32 93 735
32 94 658
32 95 657
32 96 675
32 97 685
32 98 649
32 99 597
33 0 461
33 1 510
33 2 599
33 3 497
33 4 491
33 5 528
33 6 546
33 7 571
33 8 520
33 9 507
33 10 566
33 11 509
33 12 642
33 13 540
33 14 574
33 15 533
33 16 553
33 17 512
33 18 560
33 19 512
33 20 643
33 21 477
33 22 506
33 23 439
33 24 454
33 25 579
33 26 487
33 27 556
33 28 623
33 29 473
33 30 601
33 31 497
33 32 606
33 33 597
33 34 637
33 35 609
33 36 557
33 37 565
33 38 525
33 39 591
33 40 545
33 41 582
33 42 575
33 43 536
33 44 503
33 45 589
33 46 549
33 47 630
33 48 605
33 49 541
33 50 513
33 51 551
33 52 586
33 53 593
33 54 539
33 55 532
33 56 549
33 57 551
33 58 555
33 59 574
33 60 549
33 61 530
33 62 601
33 63 548
33 64 585
33 65 554
33 66 500
33 67 502
33 68 534
33 69 591
33 70 518
33 71 602
33 72 582
33 73 565
33 74 440
33 75 597
33 76 573
33 77 642
33 78 614
33 79 605
33 80 561
33 81 464
33 82 530
33 83 541
33 84 552
33 85 549
33 86 481
33 87 455
33 88 547
33 89 614
33 90 579
33 91 632
33 92 577
33 93 580
33 94 581
33 95 572
33 96 510
33 97 525
33 98 480
33 99 531
34 0 486
34 1 529
34 2 581
34 3 508
34 4 525
34 5 593
34 6 500
34 7 599
34 8 534
34 9 510
34 10 588
34 11 590
34 12 570
34 13 525
34 14 608
34 15 571
34 16 626
34 17 517
34 18 547
34 19 586
34 20 623
34 21 549
34 22 563
34 23 517
34 24 467
34 25 542
34 26 479
34 27 566
34 28 583
34 29 507
34 30 573
34 31 516
34 32 589
34 33 649
34 34 647
34 35 594
34 36 637
34 37 624
34 38 526
34 39 548
34 40 602
34 41 605
34 42 561
34 43 544
34 44 508
34 45 536
34 46 571
34 47 652
34 48 569
34 49 609
34 50 503
34 51 549
34 52 623
34 53 582
34 54 568
34 55 545
34 56 563
34 57 536
34 58 569
34 59 615
34 60 526
34 61 529
34 62 677
34 63 557
34 64 544
34 65 579
34 66 560
34 67 499
34 68 547
34 69 633
34 70 551
34 71 569
34 72 621
34 73 592
34 74 499
34 75 597
34 76 599
34 77 614
34 78 686
34 79 568
34 80 555
34 81 541
34 82 533
34 83 558
34 84 587
34 85 533
34 86 483
34 87 467
34 88 567
34 89 664
34 90 593
34 91 594
34 92 579
34 93 603
34 94 570
34 95 624
34 96 558
34 97 595
34 98 524
34 99 578
35 0 551
35 1 645
35 2 701
35 3 598
35 4 610
35 5 685
35 6 606
35 7 708
35 8 678
35 9 607
35 10 729
35 11 692
35 12 622
35 13 663
35 14 693
35 15 622
35 16 663
35 17 693
35 18 685
35 19 706
35 20 777
35 21 598
35 22 574
35 23 633
35 24 568
35 25 669
35 26 612
35 27 760
35 28 828
35 29 608
35 30 718
35 31 660
35 32 757
35 33 733
35 34 829
35 35 704
35 36 715
35 37 668
35 38 662
35 39 660
35 40 717
35 41 684
35 42 707
35 43 636
35 44 615
35 45 675
35 46 670
35 47 750
35 48 626
35 49 603
35 50 668
35 51 636
35 52 739
35 53 725
35 54 683
35 55 647
35 56 687
35 57 661
35 58 658
35 59 674
35 60 660
35 61 596
35 62 761
35 63 636
35 64 665
35 65 652
35 66 589
35 67 632
35 68 670
35 69 738
35 70 574
35 71 673
35 72 780
35 73 695
35 74 519
35 75 697
35 76 732
35 77 702
35 78 710
35 79 673
35 80 679
35 81 604
35 82 665
35 83 654
35 84 665
35 85 684
35 86 551
35 87 603
35 88 686
35 89 756
35 90 666
35 91 688
35 92 744
35 93 699
35 94 680
35 95 646
35 96 650
35 97 681
35 98 642
35 99 682
36 0 441
36 1 475
36 2 501
36 3 507
36 4 492
36 5 538
36 6 510
36 7 612
36 8 539
36 9 495
36 10 559
36 11 566
36 12 547
36 13 518
36 14 573
36 15 495
36 16 531
36 17 486
36 18 530
36 19 505
36 20 578
36 21 526
36 22 518
36 23 491
36 24 488
36 25 543
36 26 448
36 27 527
36 28 622
36 29 499
36 30 494
36 31 478
36 32 543
36 33 564
36 34 653
36 35 588
36 36 561
36 37 578
36 38 510
36 39 503
36 40 580
36 41 558
36 42 542
36 43 512
36 44 470
36 45 526
36 46 486
36 47 548
36 48 505
36 49 485
36 50 516
36 51 525
36 52 583
36 53 570
36 54 566
36 55 494
36 56 530
36 57 444
36 58 485
36 59 506
36 60 499
36 61 474
36 62 637
36 63 505
36 64 480
36 65 591
36 66 479
36 67 472
36 68 499
36 69 590
36 70 457
36 71 547
36 72 586
36 73 591
36 74 459
36 75 554
36 76 513
36 77 566
36 78 582
36 79 516
36 80 526
36 81 467
36 82 505
36 83 479
36 84 512
36 85 518
36 86 493
36 87 435
36 88 580
36 89 626
36 90 529
36 91 573
36 92 594
36 93 564
36 94 544
36 95 578
36 96 531
36 97 586
36 98 447
36 99 524
37 0 507
37 1 557
37 2 561
37 3 537
37 4 492
37 5 576
37 6 571
37 7 667
37 8 559
37 9 497
37 10 607
37 11 525
37 12 599
37 13 565
37 14 605
37 15 507
37 16 592
37 17 545
37 18 544
37 19 573
37 20 582
37 21 515
37 22 571
37 23 541
37 24 459
37 25 625
37 26 478
37 27 577
37 28 634
37 29 544
37 30 559
37 31 523
37 32 570
37 33 580
37 34 629
37 35 569
37 36 596
37 37 604
37 38 544
37 39 587
37 40 629
37 41 630
37 42 624
37 43 582
37 44 472
37 45 552
37 46 538
37 47 586
37 48 529
37 49 601
37 50 525
37 51 537
37 52 633
37 53 590
37 54 540
37 55 519
37 56 566
37 57 535
37 58 575
37 59 599
37 60 580
37 61 551
37 62 615
37 63 552
37 64 581
37 65 595
37 66 556
37 67 508
37 68 553
37 69 590
37 70 468
37 71 604
37 72 594
37 73 563
37 74 488
37 75 655
37 76 568
37 77 592
37 78 596
37 79 586
37 80 591
37 81 509
37 82 514
37 83 532
37 84 560
37 85 540
37 86 494
37 87 453
37 88 548
37 89 660
37 90 567
37 91 593
37 92 610
37 93 580
37 94 522
37 95 638
37 96 565
37 97 600
37 98 554
37 99 531
38 0 587
38 1 614
38 2 636
38 3 621
38 4 560
38 5 602
38 6 583
38 7 729
38 8 591
38 9 537
38 10 652
38 11 658
38 12 672
38 13 573
38 14 662
38 15 630
38 16 637
38 17 595
38 18 568
38 19 665
38 20 702
38 21 563
38 22 681
38 23 611
38 24 533
38 25 636
38 26 576
38 27 693
38 28 745
38 29 622
38 30 663
38 31 594
38 32 672
38 33 688
38 34 723
38 35 581
38 36 694
38 37 652
38 38 636
38 39 678
38 40 663
38 41 706
38 42 626
38 43 608
38 44 501
38 45 600
38 46 658
38 47 680
38 48 522
38 49 643
38 50 599
38 51 597
38 52 728
38 53 683
38 54 678
38 55 603
38 56 644
38 57 585
38 58 648
38 59 622
38 60 619
38 61 622
38 62 765
38 63 674
38 64 629
38 65 699
38 66 596
38 67 566
38 68 632
38 69 718
38 70 617
38 71 622
38 72 681
38 73 660
38 74 526
38 75 683
38 76 716
38 77 675
38 78 722
38 79 633
38 80 662
38 81 562
38 82 656
38 83 591
38 84 651
38 85 570
38 86 559
38 87 585
38 88 629
38 89 709
38 90 644
38 91 659
38 92 700
38 93 708
38 94 566
38 95 694
38 96 614
38 97 637
38 98 652
38 99 655
39 0 543
39 1 621
39 2 622
39 3 592
39 4 561
39 5 655
39 6 566
39 7 717
39 8 604
39 9 559
39 10 700
39 11 647
39 12 603
39 13 575
39 14 733
39 15 549
39 16 678
39 17 610
39 18 574
39 19 685
39 20 675
39 21 538
39 22 553
39 23 592
39 24 552
39 25 592
39 26 577
39 27 613
39 28 759
39 29 655
39 30 611
39 31 617
39 32 679
39 33 727
39 34 681
39 35 650
39 36 649
39 37 626
39 38 681
39 39 569
39 40 638
39 41 637
39 42 683
39 43 604
39 44 544
39 45 646
39 46 680
39 47 673
39 48 600
39 49 579
39 50 624
39 51 554
39 52 620
39 53 662
39 54 645
39 55 559
39 56 652
39 57 667
39 58 636
39 59 663
39 60 639
39 61 628
39 62 682
39 63 644
39 64 636
39 65 616
39 66 584
39 67 599
39 68 644
39 69 685
39 70 530
39 71 686
39 72 726
39 73 597
39 74 504
39 75 612
39 76 655
39 77 676
39 78 662
39 79 681
39 80 655
39 81 552
39 82 645
39 83 512
39 84 627
39 85 616
39 86 505
39 87 523
39 88 611
39 89 741
39 90 677
39 91 651
39 92 691
39 93 604
39 94 591
39 95 599
39 96 582
39 97 655
39 98 641
39 99 599
40 0 537
40 1 644
40 2 638
40 3 603
40 4 581
40 5 665
40 6 583
40 7 733
40 8 612
40 9 600
40 10 675
40 11 657
40 12 643
40 13 607
40 14 645
40 15 602
40 16 685
40 17 594
40 18 626
40 19 708
40 20 697
40 21 525
40 22 602
40 23 578
40 24 563
40 25 607
40 26 551
40 27 691
40 28 767
40 29 585
40 30 666
40 31 592
40 32 670
40 33 671
40 34 742
40 35 594
40 36 738
40 37 666
40 38 641
40 39 634
40 40 672
40 41 652
40 42 623
40 43 634
40 44 550
40 45 661
40 46 645
40 47 704
40 48 634
40 49 604
40 50 611
40 51 609
40 52 678
40 53 669
40 54 662
40 55 676
40 56 657
40 57 629
40 58 632
40 59 606
40 60 616
40 61 645
40 62 715
40 63 646
40 64 626
40 65 650
40 66 565
40 67 599
40 68 601
40 69 671
40 70 622
40 71 632
40 72 736
40 73 694
40 74 517
40 75 610
40 76 677
40 77 714
40 78 724
40 79 609
40 80 648
40 81 553
40 82 657
40 83 614
40 84 625
40 85 614
40 86 535
40 87 594
40 88 658
40 89 731
40 90 653
40 91 681
40 92 669
40 93 749
40 94 610
40 95 655
40 96 611
40 97 664
40 98 623
40 99 644
41 0 557
41 1 624
41 2 629
41 3 573
41 4 535
41 5 627
41 6 602
41 7 717
41 8 588
41 9 572
41 10 665
41 11 595
41 12 592
41 13 577
41 14 679
41 15 573
41 16 685
41 17 617
41 18 572
41 19 705
41 20 675
41 21 555
41 22 583
41 23 658
41 24 556
41 25 617
41 26 543
41 27 637
41 28 704
41 29 639
41 30 590
41 31 582
41 32 620
41 33 673
41 34 740
41 35 633
41 36 700
41 37 650
41 38 602
41 39 618
41 40 668
41 41 647
41 42 623
41 43 651
41 44 545
41 45 620
41 46 569
41 47 669
41 48 557
41 49 612
41 50 589
41 51 592
41 52 656
41 53 693
41 54 627
41 55 587
41 56 668
41 57 584
41 58 607
41 59 669
41 60 616
41 61 625
41 62 701
41 63 610
41 64 619
41 65 659
41 66 601
41 67 561
41 68 621
41 69 689
41 70 573
41 71 664
41 72 653
41 73 608
41 74 501
41 75 646
41 76 695
41 77 626
41 78 697
41 79 622
41 80 563
41 81 539
41 82 604
41 83 637
41 84 620
41 85 583
41 86 542
41 87 537
41 88 584
41 89 639
41 90 614
41 91 616
41 92 611
41 93 679
41 94 610
41 95 648
41 96 678
41 97 656
41 98 603
41 99 614
42 0 614
42 1 771
42 2 703
42 3 688
42 4 632
42 5 667
42 6 691
42 7 750
42 8 732
42 9 623
42 10 753
42 11 750
42 12 703
42 13 706
42 14 783
42 15 756
42 16 703
42 17 653
42 18 667
42 19 761
42 20 830
42 21 635
42 22 692
42 23 690
42 24 564
42 25 670
42 26 636
42 27 696
42 28 826
42 29 695
42 30 767
42 31 728
42 32 770
42 33 795
42 34 802
42 35 779
42 36 753
42 37 723
42 38 684
42 39 758
42 40 775
42 41 704
42 42 766
42 43 699
42 44 651
42 45 742
42 46 730
42 47 792
42 48 661
42 49 745
42 50 689
42 51 673
42 52 762
42 53 792
42 54 743
42 55 648
42 56 685
42 57 691
42 58 751
42 59 718
42 60 672
42 61 677
42 62 809
42 63 749
42 64 697
42 65 685
42 66 684
42 67 650
42 68 749
42 69 788
42 70 722
42 71 754
42 72 801
42 73 708
42 74 603
42 75 759
42 76 799
42 77 758
42 78 798
42 79 736
42 80 667
42 81 664
42 82 678
42 83 679
42 84 721
42 85 714
42 86 672
42 87 616
42 88 745
42 89 810
42 90 778
42 91 800
42 92 781
42 93 773
42 94 685
42 95 795
42 96 730
42 97 727
42 98 725
42 99 747
43 0 498
43 1 682
43 2 652
43 3 620
43 4 595
43 5 671
43 6 622
43 7 693
43 8 618
43 9 647
43 10 703
43 11 656
43 12 618
43 13 617
43 14 711
43 15 606
43 16 671
43 17 600
43 18 635
43 19 689
43 20 660
43 21 573
43 22 619
43 23 607
43 24 581
43 25 622
43 26 607
43 27 667
43 28 754
43 29 556
43 30 678
43 31 607
43 32 700
43 33 692
43 34 739
43 35 665
43 36 728
43 37 674
43 38 620
43 39 585
43 40 655
43 41 666
43 42 642
43 43 613
43 44 589
43 45 656
43 46 622
43 47 705
43 48 590
43 49 642
43 50 591
43 51 612
43 52 688
43 53 689
43 54 678
43 55 610
43 56 642
43 57 567
43 58 653
43 59 635
43 60 625
43 61 576
43 62 747
43 63 634
43 64 581
43 65 638
43 66 657
43 67 643
43 68 630
43 69 715
43 70 587
43 71 673
43 72 700
43 73 614
43 74 567
43 75 644
43 76 681
43 77 697
43 78 709
43 79 657
43 80 646
43 81 559
43 82 659
43 83 628
43 84 640
43 85 660
43 86 542
43 87 552
43 88 597
43 89 716
43 90 669
43 91 681
43 92 643
43 93 649
43 94 655
43 95 620
43 96 668
43 97 666
43 98 625
43 99 644
44 0 477
44 1 584
44 2 576
44 3 541
44 4 541
44 5 628
44 6 589
44 7 682
44 8 585
44 9 573
44 10 614
44 11 646
44 12 582
44 13 597
44 14 592
44 15 564
44 16 590
44 17 605
44 18 607
44 19 622
44 20 662
44 21 585
44 22 590
44 23 584
44 24 476
44 25 611
44 26 489
44 27 592
44 28 687
44 29 517
44 30 588
44 31 538
44 32 667
44 33 620
44 34 671
44 35 609
44 36 667
44 37 644
44 38 601
44 39 610
44 40 592
44 41 641
44 42 554
44 43 649
44 44 441
44 45 553
44 46 616
44 47 692
44 48 548
44 49 580
44 50 536
44 51 556
44 52 621
44 53 599
44 54 612
44 55 600
44 56 577
44 57 587
44 58 589
44 59 599
44 60 604
44 61 506
44 62 701
44 63 565
44 64 563
44 65 575
44 66 623
44 67 533
44 68 559
44 69 610
44 70 533
44 71 643
44 72 659
44 73 660
44 74 477
44 75 625
44 76 639
44 77 660
44 78 644
44 79 597
44 80 567
44 81 572
44 82 607
44 83 566
44 84 605
44 85 670
44 86 525
44 87 488
44 88 581
44 89 686
44 90 644
44 91 668
44 92 617
44 93 661
44 94 613
44 95 612
44 96 588
44 97 661
44 98 569
44 99 597
45 0 435
45 1 508
45 2 558
45 3 461
45 4 408
45 5 497
45 6 477
45 7 534
45 8 488
45 9 434
45 10 541
45 11 492
45 12 515
45 13 447
45 14 568
45 15 479
45 16 516
45 17 510
45 18 434
45 19 517
45 20 531
45 21 489
45 22 491
45 23 481
45 24 396
45 25 490
45 26 412
45 27 562
45 28 601
45 29 470
45 30 501
45 31 446
45 32 531
45 33 600
45 34 592
45 35 468
45 36 565
45 37 515
45 38 437
45 39 506
45 40 495
45 41 484
45 42 509
45 43 464
45 44 409
45 45 471
45 46 510
45 47 557
45 48 465
45 49 525
45 50 473
45 51 454
45 52 543
45 53 584
45 54 474
45 55 491
45 56 506
45 57 471
45 58 469
45 59 537
45 60 514
45 61 498
45 62 559
45 63 509
45 64 498
45 65 471
45 66 416
45 67 472
45 68 500
45 69 531
45 70 453
45 71 505
45 72 558
45 73 547
45 74 379
45 75 527
45 76 533
45 77 587
45 78 533
45 79 506
45 80 544
45 81 416
45 82 492
45 83 512
45 84 547
45 85 465
45 86 446
45 87 413
45 88 454
45 89 572
45 90 492
45 91 535
45 92 486
45 93 536
45 94 514
45 95 502
45 96 504
45 97 520
45 98 541
45 99 519
46 0 501
46 1 648
46 2 617
46 3 528
46 4 564
46 5 559
46 6 588
46 7 685
46 8 573
46 9 532
46 10 651
46 11 576
46 12 607
46 13 577
46 14 609
46 15 610
46 16 618
46 17 566
46 18 613
46 19 622
46 20 695
46 21 559
46 22 606
46 23 500
46 24 504
46 25 623
46 26 573
46 27 640
46 28 694
46 29 592
46 30 632
46 31 569
46 32 615
46 33 690
46 34 726
46 35 590
46 36 608
46 37 636
46 38 604
46 39 566
46 40 641
46 41 609
46 42 609
46 43 575
46 44 537
46 45 655
46 46 620
46 47 691
46 48 556
46 49 608
46 50 555
46 51 624
46 52 665
46 53 669
46 54 591
46 55 540
46 56 584
46 57 631
46 58 650
46 59 627
46 60 589
46 61 587
46 62 663
46 63 640
46 64 636
46 65 625
46 66 564
46 67 591
46 68 610
46 69 675
46 70 557
46 71 615
46 72 660
46 73 605
46 74 482
46 75 628
46 76 620
46 77 647
46 78 644
46 79 637
46 80 611
46 81 555
46 82 574
46 83 571
46 84 627
46 85 570
46 86 546
46 87 528
46 88 592
46 89 678
46 90 649
46 91 649
46 92 665
46 93 612
46 94 591
46 95 623
46 96 641
46 97 604
46 98 582
46 99 552
47 0 527
47 1 685
47 2 684
47 3 654
47 4 592
47 5 617
47 6 613
47 7 689
47 8 660
47 9 632
47 10 771
47 11 666
47 12 689
47 13 641
47 14 673
47 15 679
47 16 689
47 17 629
47 18 628
47 19 714
47 20 739
47 21 593
47 22 559
47 23 613
47 24 572
47 25 671
47 26 588
47 27 717
47 28 742
47 29 593
47 30 660
47 31 649
47 32 694
47 33 684
47 34 713
47 35 668
47 36 682
47 37 647
47 38 685
47 39 645
47 40 690
47 41 681
47 42 658
47 43 642
47 44 593
47 45 659
47 46 592
47 47 731
47 48 626
47 49 641
47 50 658
47 51 664
47 52 695
47 53 699
47 54 639
47 55 622
47 56 633
47 57 613
47 58 701
47 59 640
47 60 633
47 61 630
47 62 715
47 63 672
47 64 624
47 65 668
47 66 624
47 67 637
47 68 645
47 69 734
47 70 634
47 71 693
47 72 743
47 73 640
47 74 531
47 75 695
47 76 716
47 77 685
47 78 696
47 79 685
47 80 615
47 81 616
47 82 628
47 83 651
47 84 667
47 85 684
47 86 578
47 87 559
47 88 649
47 89 673
47 90 704
47 91 713
47 92 667
47 93 736
47 94 703
47 95 689
47 96 631
47 97 668
47 98 641
47 99 651
48 0 475
48 1 581
48 2 586
48 3 542
48 4 483
48 5 570
48 6 563
48 7 649
48 8 556
48 9 536
48 10 680
48 11 569
48 12 595
48 13 581
48 14 635
48 15 579
48 16 645
48 17 555
48 18 575
48 19 607
48 20 585
48 21 514
48 22 547
48 23 534
48 24 467
48 25 590
48 26 533
48 27 536
48 28 690
48 29 524
48 30 631
48 31 576
48 32 576
48 33 622
48 34 663
48 35 635
48 36 576
48 37 585
48 38 603
48 39 523
48 40 632
48 41 580
48 42 587
48 43 579
48 44 511
48 45 624
48 46 634
48 47 657
48 48 547
48 49 564
48 50 564
48 51 558
48 52 594
48 53 595
48 54 588
48 55 536
48 56 637
48 57 520
48 58 592
48 59 583
48 60 587
48 61 595
48 62 606
48 63 586
48 64 610
48 65 542
48 66 498
48 67 569
48 68 590
48 69 630
48 70 525
48 71 634
48 72 648
48 73 552
48 74 481
48 75 627
48 76 611
48 77 643
48 78 639
48 79 643
48 80 583
48 81 522
48 82 557
48 83 554
48 84 601
48 85 594
48 86 451
48 87 475
48 88 621
48 89 649
48 90 625
48 91 619
48 92 633
48 93 661
48 94 580
48 95 645
48 96 583
48 97 663
48 98 660
48 99 534
49 0 390
49 1 600
49 2 596
49 3 487
49 4 480
49 5 520
49 6 557
49 7 604
49 8 528
49 9 459
49 10 565
49 11 569
49 12 470
49 13 490
49 14 554
49 15 555
49 16 563
49 17 530
49 18 465
49 19 595
49 20 606
49 21 498
49 22 513
49 23 534
49 24 441
49 25 447
49 26 500
49 27 564
49 28 617
49 29 470
49 30 566
49 31 490
49 32 544
49 33 623
49 34 586
49 35 540
49 36 633
49 37 573
49 38 547
49 39 501
49 40 552
49 41 549
49 42 526
49 43 515
49 44 489
49 45 526
49 46 495
49 47 617
49 48 525
49 49 523
49 50 536
49 51 496
49 52 593
49 53 586
49 54 517
49 55 496
49 56 534
49 57 487
49 58 514
49 59 583
49 60 504
49 61 496
49 62 596
49 63 560
49 64 449
49 65 553
49 66 495
49 67 446
49 68 525
49 69 574
49 70 509
49 71 523
49 72 548
49 73 489
49 74 445
49 75 559
49 76 579
49 77 568
49 78 608
49 79 505
49 80 533
49 81 457
49 82 590
49 83 510
49 84 548
49 85 500
49 86 470
49 87 483
49 88 573
49 89 578
49 90 578
49 91 565
49 92 566
49 93 647
49 94 538
49 95 541
49 96 529
49 97 571
49 98 505
49 99 512
50 0 495
50 1 539
50 2 557
50 3 542
50 4 515
50 5 541
50 6 538
50 7 558
50 8 549
50 9 496
50 10 600
50 11 479
50 12 562
50 13 518
50 14 610
50 15 546
50 16 585
50 17 507
50 18 573
50 19 584
50 20 615
50 21 473
50 22 591
50 23 551
50 24 459
50 25 563
50 26 516
50 27 570
50 28 668
50 29 534
50 30 604
50 31 508
50 32 582
50 33 598
50 34 627
50 35 514
50 36 597
50 37 619
50 38 530
50 39 548
50 40 602
50 41 556
50 42 569
50 43 516
50 44 461
50 45 600
50 46 580
50 47 604
50 48 556
50 49 554
50 50 530
50 51 580
50 52 630
50 53 578
50 54 559
50 55 573
50 56 538
50 57 565
50 58 574
50 59 545
50 60 540
50 61 551
50 62 627
50 63 589
50 64 568
50 65 569
50 66 522
50 67 497
50 68 551
50 69 590
50 70 535
50 71 543
50 72 636
50 73 590
50 74 430
50 75 537
50 76 573
50 77 639
50 78 615
50 79 583
50 80 536
50 81 527
50 82 573
50 83 527
50 84 591
50 85 519
50 86 504
50 87 518
50 88 559
50 89 656
50 90 573
50 91 632
50 92 547
50 93 510
50 94 520
50 95 575
50 96 540
50 97 589
50 98 576
50 99 600
51 0 486
51 1 600
51 2 565
51 3 570
51 4 554
51 5 653
51 6 599
51 7 648
51 8 649
51 9 566
51 10 604
51 11 584
51 12 566
51 13 567
51 14 680
51 15 564
51 16 619
51 17 552
51 18 592
51 19 607
51 20 600
51 21 554
51 22 555
51 23 588
51 24 483
51 25 584
51 26 539
51 27 621
51 28 658
51 29 539
51 30 596
51 31 565
51 32 648
51 33 646
51 34 703
51 35 577
51 36 661
51 37 620
51 38 628
51 39 597
51 40 625
51 41 667
51 42 625
51 43 585
51 44 486
51 45 614
51 46 530
51 47 660
51 48 531
51 49 635
51 50 542
51 51 588
51 52 676
51 53 622
51 54 608
51 55 588
51 56 592
51 57 504
51 58 627
51 59 627
51 60 619
51 61 562
51 62 663
51 63 621
51 64 566
51 65 611
51 66 558
51 67 547
51 68 554
51 69 649
51 70 504
51 71 585
51 72 632
51 73 540
51 74 530
51 75 616
51 76 650
51 77 640
51 78 665
51 79 619
51 80 548
51 81 520
51 82 612
51 83 561
51 84 585
51 85 544
51 86 484
51 87 528
51 88 586
51 89 650
51 90 621
51 91 600
51 92 635
51 93 691
51 94 580
51 95 651
51 96 640
51 97 632
51 98 576
51 99 639
52 0 558
52 1 692
52 2 709
52 3 599
52 4 595
52 5 695
52 6 653
52 7 741
52 8 610
52 9 624
52 10 704
52 11 668
52 12 638
52 13 646
52 14 699
52 15 629
52 16 693
52 17 658
52 18 611
52 19 686
52 20 735
52 21 550
52 22 622
52 23 621
52 24 538
52 25 650
52 26 608
52 27 685
52 28 717
52 29 638
52 30 624
52 31 602
52 32 691
52 33 680
52 34 754
52 35 694
52 36 711
52 37 663
52 38 727
52 39 649
52 40 701
52 41 709
52 42 690
52 43 641
52 44 575
52 45 692
52 46 626
52 47 743
52 48 599
52 49 643
52 50 596
52 51 663
52 52 750
52 53 698
52 54 668
52 55 578
52 56 665
52 57 634
52 58 726
52 59 672
52 60 682
52 61 665
52 62 747
52 63 743
52 64 657
52 65 646
52 66 627
52 67 652
52 68 622
52 69 711
52 70 632
52 71 706
52 72 719
52 73 622
52 74 527
52 75 704
52 76 703
52 77 686
52 78 720
52 79 664
52 80 596
52 81 598
52 82 638
52 83 625
52 84 639
52 85 650
52 86 527
52 87 546
52 88 660
52 89 749
52 90 672
52 91 675
52 92 724
52 93 781
52 94 643
52 95 715
52 96 667
52 97 695
52 98 645
52 99 668
53 0 431
53 1 570
53 2 563
53 3 538
53 4 505
53 5 530
53 6 504
53 7 604
53 8 525
53 9 540
53 10 611
53 11 508
53 12 548
53 13 492
53 14 534
53 15 545
53 16 559
53 17 530
53 18 512
53 19 565
53 20 603
53 21 506
53 22 515
53 23 495
53 24 487
53 25 540
53 26 436
53 27 582
53 28 624
53 29 504
53 30 571
53 31 496
53 32 549
53 33 544
53 34 622
53 35 526
53 36 575
53 37 592
53 38 552
53 39 509
53 40 585
53 41 588
53 42 555
53 43 506
53 44 474
53 45 565
53 46 502
53 47 531
53 48 499
53 49 594
53 50 508
53 51 573
53 52 534
53 53 604
53 54 539
53 55 526
53 56 484
53 57 527
53 58 532
53 59 547
53 60 546
53 61 497
53 62 594
53 63 578
53 64 493
53 65 602
53 66 544
53 67 487
53 68 559
53 69 570
53 70 498
53 71 627
53 72 536
53 73 543
53 74 465
53 75 618
53 76 539
53 77 558
53 78 568
53 79 514
53 80 555
53 81 479
53 82 537
53 83 558
53 84 554
53 85 541
53 86 481
53 87 426
53 88 600
53 89 632
53 90 569
53 91 521
53 92 576
53 93 664
53 94 549
53 95 550
53 96 572
53 97 583
53 98 526
53 99 490
54 0 550
54 1 701
54 2 629
54 3 647
54 4 574
54 5 654
54 6 622
54 7 718
54 8 705
54 9 584
54 10 677
54 11 650
54 12 637
54 13 597
54 14 697
54 15 643
54 16 682
54 17 640
54 18 603
54 19 699
54 20 706
54 21 582
54 22 642
54 23 676
54 24 522
54 25 593
54 26 575
54 27 721
54 28 757
54 29 590
54 30 698
54 31 620
54 32 686
54 33 707
54 34 743
54 35 630
54 36 681
54 37 651
54 38 685
54 39 633
54 40 716
54 41 665
54 42 685
54 43 627
54 44 573
54 45 681
54 46 623
54 47 749
54 48 613
54 49 694
54 50 629
54 51 628
54 52 725
54 53 727
54 54 621
54 55 606
54 56 606
54 57 626
54 58 700
54 59 702
54 60 647
54 61 613
54 62 716
54 63 641
54 64 602
54 65 616
54 66 622
54 67 606
54 68 704
54 69 737
54 70 587
54 71 672
54 72 715
54 73 577
54 74 521
54 75 709
54 76 680
54 77 689
54 78 671
54 79 648
54 80 635
54 81 597
54 82 634
54 83 592
54 84 662
54 85 670
54 86 579
54 87 568
54 88 613
54 89 776
54 90 726
54 91 664
54 92 711
54 93 648
54 94 683
54 95 671
54 96 655
54 97 649
54 98 686
54 99 677
55 0 498
55 1 632
55 2 629
55 3 578
55 4 506
55 5 622
55 6 605
55 7 665
55 8 580
55 9 551
55 10 662
55 11 581
55 12 620
55 13 542
55 14 599
55 15 615
55 16 616
55 17 576
55 18 573
55 19 647
55 20 632
55 21 558
55 22 586
55 23 592
55 24 490
55 25 568
55 26 578
55 27 665
55 28 731
55 29 548
55 30 615
55 31 585
55 32 583
55 33 604
55 34 616
55 35 560
55 36 639
55 37 605
55 38 572
55 39 596
55 40 624
55 41 575
55 42 578
55 43 531
55 44 543
55 45 625
55 46 600
55 47 657
55 48 590
55 49 544
55 50 527
55 51 538
55 52 608
55 53 606
55 54 598
55 55 512
55 56 602
55 57 600
55 58 630
55 59 627
55 60 562
55 61 607
55 62 625
55 63 618
55 64 582
55 65 575
55 66 575
55 67 565
55 68 588
55 69 661
55 70 589
55 71 617
55 72 619
55 73 588
55 74 560
55 75 621
55 76 626
55 77 656
55 78 650
55 79 569
55 80 620
55 81 497
55 82 593
55 83 576
55 84 627
55 85 610
55 86 501
55 87 517
55 88 553
55 89 661
55 90 608
55 91 627
55 92 602
55 93 653
55 94 595
55 95 620
55 96 583
55 97 573
55 98 586
55 99 598
56 0 502
56 1 580
56 2 628
56 3 560
56 4 571
56 5 573
56 6 554
56 7 658
56 8 601
56 9 495
56 10 664
56 11 600
56 12 576
56 13 601
56 14 593
56 15 601
56 16 585
56 17 552
56 18 541
56 19 639
56 20 696
56 21 551
56 22 524
56 23 569
56 24 518
56 25 557
56 26 532
56 27 618
56 28 697
56 29 569
56 30 654
56 31 532
56 32 591
56 33 659
56 34 654
56 35 600
56 36 626
56 37 656
56 38 616
56 39 567
56 40 632
56 41 580
56 42 603
56 43 572
56 44 522
56 45 598
56 46 549
56 47 650
56 48 515
56 49 582
56 50 578
56 51 601
56 52 610
56 53 645
56 54 587
56 55 585
56 56 584
56 57 493
56 58 641
56 59 581
56 60 608
56 61 600
56 62 704
56 63 624
56 64 537
56 65 599
56 66 579
56 67 503
56 68 610
56 69 655
56 70 558
56 71 658
56 72 665
56 73 598
56 74 452
56 75 602
56 76 650
56 77 623
56 78 637
56 79 592
56 80 584
56 81 547
56 82 560
56 83 554
56 84 626
56 85 602
56 86 495
56 87 505
56 88 632
56 89 681
56 90 610
56 91 590
56 92 621
56 93 676
56 94 576
56 95 630
56 96 592
56 97 617
56 98 613
56 99 594
57 0 557
57 1 648
57 2 655
57 3 596
57 4 561
57 5 639
57 6 589
57 7 672
57 8 628
57 9 547
57 10 623
57 11 654
57 12 627
57 13 590
57 14 643
57 15 586
57 16 679
57 17 586
57 18 599
57 19 706
57 20 674
57 21 565
57 22 549
57 23 657
57 24 559
57 25 634
57 26 597
57 27 628
57 28 708
57 29 591
57 30 688
57 31 656
57 32 666
57 33 667
57 34 668
57 35 628
57 36 672
57 37 635
57 38 597
57 39 652
57 40 730
57 41 690
57 42 638
57 43 649
57 44 561
57 45 657
57 46 579
57 47 631
57 48 597
57 49 615
57 50 648
57 51 654
57 52 672
57 53 674
57 54 656
57 55 558
57 56 667
57 57 587
57 58 617
57 59 649
57 60 583
57 61 584
57 62 695
57 63 627
57 64 641
57 65 612
57 66 621
57 67 586
57 68 667
57 69 745
57 70 580
57 71 625
57 72 656
57 73 608
57 74 556
57 75 681
57 76 680
57 77 684
57 78 693
57 79 664
57 80 608
57 81 563
57 82 644
57 83 620
57 84 643
57 85 637
57 86 548
57 87 582
57 88 672
57 89 695
57 90 618
57 91 660
57 92 628
57 93 682
57 94 602
57 95 652
57 96 599
57 97 635
57 98 604
57 99 685
58 0 469
58 1 515
58 2 517
58 3 470
58 4 466
58 5 541
58 6 530
58 7 610
58 8 558
58 9 436
58 10 561
58 11 501
58 12 537
58 13 456
58 14 548
58 15 473
58 16 558
58 17 464
58 18 483
58 19 504
58 20 507
58 21 475
58 22 494
58 23 530
58 24 494
58 25 500
58 26 471
58 27 608
58 28 644
58 29 461
58 30 558
58 31 498
58 32 574
58 33 600
58 34 625
58 35 558
58 36 567
58 37 556
58 38 515
58 39 491
58 40 615
58 41 550
58 42 517
58 43 489
58 44 448
58 45 592
58 46 540
58 47 586
58 48 499
58 49 523
58 50 490
58 51 488
58 52 607
58 53 569
58 54 552
58 55 497
58 56 523
58 57 506
58 58 554
58 59 563
58 60 518
58 61 521
58 62 610
58 63 483
58 64 522
58 65 548
58 66 522
58 67 479
58 68 513
58 69 610
58 70 471
58 71 537
58 72 552
58 73 522
58 74 464
58 75 548
58 76 558
58 77 592
58 78 568
58 79 530
58 80 556
58 81 469
58 82 491
58 83 462
58 84 541
58 85 551
58 86 441
58 87 472
58 88 539
58 89 565
58 90 553
58 91 546
58 92 563
58 93 561
58 94 469
58 95 555
58 96 535
58 97 504
58 98 491
58 99 484
59 0 469
59 1 610
59 2 603
59 3 563
59 4 561
59 5 624
59 6 575
59 7 699
59 8 611
59 9 556
59 10 704
59 11 636
59 12 555
59 13 600
59 14 606
59 15 614
59 16 669
59 17 588
59 18 554
59 19 646
59 20 646
59 21 564
59 22 561
59 23 553
59 24 519
59 25 591
59 26 558
59 27 676
59 28 645
59 29 534
59 30 614
59 31 564
59 32 604
59 33 629
59 34 655
59 35 597
59 36 672
59 37 629
59 38 631
59 39 619
59 40 631
59 41 672
59 42 579
59 43 620
59 44 548
59 45 606
59 46 587
59 47 672
59 48 585
59 49 571
59 50 585
59 51 590
59 52 664
59 53 661
59 54 587
59 55 564
59 56 616
59 57 585
59 58 679
59 59 660
59 60 578
59 61 620
59 62 622
59 63 558
59 64 653
59 65 580
59 66 627
59 67 624
59 68 589
59 69 680
59 70 562
59 71 654
59 72 655
59 73 578
59 74 489
59 75 636
59 76 684
59 77 628
59 78 655
59 79 639
59 80 558
59 81 604
59 82 587
59 83 602
59 84 603
59 85 645
59 86 446
59 87 538
59 88 591
59 89 653
59 90 590
59 91 615
59 92 636
59 93 700
59 94 601
59 95 634
59 96 585
59 97 616
59 98 571
59 99 572
60 0 461
60 1 570
60 2 569
60 3 490
60 4 493
60 5 534
60 6 542
60 7 696
60 8 549
60 9 572
60 10 593
60 11 589
60 12 577
60 13 483
60 14 652
60 15 563
60 16 580
60 17 551
60 18 546
60 19 611
60 20 644
60 21 560
60 22 544
60 23 558
60 24 570
60 25 636
60 26 470
60 27 596
60 28 677
60 29 535
60 30 537
60 31 509
60 32 549
60 33 585
60 34 665
60 35 571
60 36 597
60 37 638
60 38 514
60 39 586
60 40 577
60 41 570
60 42 591
60 43 551
60 44 519
60 45 628
60 46 586
60 47 573
60 48 551
60 49 557
60 50 504
60 51 540
60 52 589
60 53 624
60 54 585
60 55 498
60 56 555
60 57 610
60 58 569
60 59 586
60 60 518
60 61 498
60 62 614
60 63 566
60 64 555
60 65 583
60 66 589
60 67 566
60 68 570
60 69 635
60 70 528
60 71 635
60 72 586
60 73 582
60 74 491
60 75 576
60 76 575
60 77 592
60 78 578
60 79 594
60 80 571
60 81 530
60 82 542
60 83 557
60 84 587
60 85 619
60 86 457
60 87 523
60 88 602
60 89 632
60 90 600
60 91 616
60 92 588
60 93 668
60 94 594
60 95 619
60 96 567
60 97 566
60 98 524
60 99 528
61 0 534
61 1 647
61 2 600
61 3 567
61 4 533
61 5 580
61 6 580
61 7 699
61 8 592
61 9 567
61 10 632
61 11 619
61 12 634
61 13 595
61 14 671
61 15 621
61 16 651
61 17 562
61 18 627
61 19 650
61 20 614
61 21 536
61 22 565
61 23 591
61 24 536
61 25 662
61 26 570
61 27 637
61 28 770
61 29 557
61 30 648
61 31 602
61 32 631
61 33 664
61 34 713
61 35 650
61 36 688
61 37 593
61 38 628
61 39 614
61 40 659
61 41 654
61 42 642
61 43 547
61 44 512
61 45 655
61 46 625
61 47 677
61 48 602
61 49 607
61 50 568
61 51 587
61 52 631
61 53 699
61 54 623
61 55 597
61 56 614
61 57 640
61 58 658
61 59 656
61 60 583
61 61 597
61 62 703
61 63 599
61 64 600
61 65 594
61 66 579
61 67 617
61 68 575
61 69 733
61 70 604
61 71 641
61 72 741
61 73 628
61 74 534
61 75 639
61 76 644
61 77 642
61 78 672
61 79 630
61 80 616
61 81 545
61 82 661
61 83 610
61 84 604
61 85 578
61 86 477
61 87 525
61 88 633
61 89 704
61 90 686
61 91 589
61 92 654
61 93 688
61 94 643
61 95 635
61 96 648
61 97 611
61 98 647
61 99 599
62 0 548
62 1 687
62 2 668
62 3 595
62 4 588
62 5 676
62 6 580
62 7 623
62 8 596
62 9 553
62 10 713
62 11 610
62 12 600
62 13 613
62 14 693
62 15 623
62 16 685
62 17 602
62 18 574
62 19 708
62 20 681
62 21 564
62 22 596
62 23 640
62 24 499
62 25 587
62 26 556
62 27 693
62 28 713
62 29 543
62 30 663
62 31 677
62 32 689
62 33 682
62 34 691
62 35 638
62 36 666
62 37 644
62 38 679
62 39 561
62 40 669
62 41 655
62 42 718
62 43 629
62 44 545
62 45 633
62 46 625
62 47 720
62 48 545
62 49 643
62 50 618
62 51 665
62 52 726
62 53 691
62 54 642
62 55 613
62 56 627
62 57 594
62 58 672
62 59 650
62 60 667
62 61 666
62 62 706
62 63 670
62 64 582
62 65 688
62 66 618
62 67 626
62 68 639
62 69 657
62 70 602
62 71 621
62 72 700
62 73 614
62 74 540
62 75 682
62 76 716
62 77 643
62 78 740
62 79 678
62 80 612
62 81 612
62 82 656
62 83 619
62 84 628
62 85 623
62 86 546
62 87 569
62 88 639
62 89 710
62 90 674
62 91 645
62 92 632
62 93 705
62 94 615
62 95 578
62 96 595
62 97 665
62 98 667
62 99 665
63 0 501
63 1 641
63 2 580
63 3 522
63 4 566
63 5 579
63 6 573
63 7 628
63 8 549
63 9 573
63 10 649
63 11 613
63 12 566
63 13 539
63 14 611
63 15 558
63 16 583
63 17 581
63 18 525
63 19 671
63 20 625
63 21 512
63 22 560
63 23 600
63 24 517
63 25 579
63 26 450
63 27 600
63 28 694
63 29 517
63 30 585
63 31 567
63 32 616
63 33 590
63 34 687
63 35 578
63 36 602
63 37 594
63 38 627
63 39 590
63 40 659
63 41 683
63 42 553
63 43 583
63 44 507
63 45 587
63 46 510
63 47 600
63 48 538
63 49 610
63 50 592
63 51 607
63 52 690
63 53 654
63 54 597
63 55 553
63 56 602
63 57 560
63 58 598
63 59 558
63 60 591
63 61 608
63 62 655
63 63 624
63 64 543
63 65 584
63 66 561
63 67 573
63 68 593
63 69 571
63 70 506
63 71 586
63 72 657
63 73 568
63 74 469
63 75 590
63 76 645
63 77 608
63 78 585
63 79 554
63 80 542
63 81 582
63 82 562
63 83 567
63 84 559
63 85 612
63 86 484
63 87 530
63 88 619
63 89 659
63 90 587
63 91 655
63 92 525
63 93 628
63 94 603
63 95 593
63 96 605
63 97 659
63 98 598
63 99 542
64 0 534
64 1 732
64 2 713
64 3 688
64 4 574
64 5 705
64 6 673
64 7 778
64 8 710
64 9 658
64 10 694
64 11 694
64 12 727
64 13 649
64 14 752
64 15 670
64 16 743
64 17 615
64 18 706
64 19 728
64 20 726
64 21 623
64 22 663
64 23 638
64 24 544
64 25 639
64 26 648
64 27 655
64 28 822
64 29 645
64 30 761
64 31 676
64 32 684
64 33 731
64 34 786
64 35 671
64 36 781
64 37 667
64 38 669
64 39 662
64 40 719
64 41 670
64 42 771
64 43 653
64 44 659
64 45 718
64 46 718
64 47 737
64 48 687
64 49 664
64 50 674
64 51 648
64 52 720
64 53 720
64 54 743
64 55 652
64 56 724
64 57 677
64 58 699
64 59 700
64 60 662
64 61 690
64 62 747
64 63 708
64 64 713
64 65 638
64 66 643
64 67 674
64 68 676
64 69 751
64 70 647
64 71 702
64 72 771
64 73 641
64 74 607
64 75 695
64 76 725
64 77 722
64 78 777
64 79 720
64 80 704
64 81 591
64 82 705
64 83 594
64 84 705
64 85 679
64 86 614
64 87 594
64 88 688
64 89 774
64 90 750
64 91 678
64 92 746
64 93 759
64 94 665
64 95 716
64 96 690
64 97 742
64 98 701
64 99 756
65 0 451
65 1 569
65 2 553
65 3 474
65 4 516
65 5 572
65 6 555
65 7 663
65 8 605
65 9 503
65 10 626
65 11 576
65 12 595
65 13 517
65 14 593
65 15 590
65 16 615
65 17 629
65 18 525
65 19 588
65 20 642
65 21 552
65 22 512
65 23 560
65 24 480
65 25 584
65 26 527
65 27 610
65 28 626
65 29 610
65 30 601
65 31 536
65 32 654
65 33 590
65 34 729
65 35 573
65 36 628
65 37 611
65 38 544
65 39 551
65 40 639
65 41 601
65 42 645
65 43 580
65 44 527
65 45 633
65 46 597
65 47 682
65 48 519
65 49 577
65 50 545
65 51 608
65 52 637
65 53 658
65 54 622
65 55 526
65 56 552
65 57 561
65 58 594
65 59 592
65 60 562
65 61 589
65 62 644
65 63 576
65 64 534
65 65 621
65 66 593
65 67 577
65 68 577
65 69 606
65 70 495
65 71 599
65 72 635
65 73 599
65 74 459
65 75 599
65 76 673
65 77 599
65 78 630
65 79 533
65 80 545
65 81 472
65 82 590
65 83 569
65 84 568
65 85 534
65 86 503
65 87 561
65 88 608
65 89 591
65 90 610
65 91 573
65 92 625
65 93 668
65 94 605
65 95 555
65 96 619
65 97 566
65 98 524
65 99 542
66 0 487
66 1 540
66 2 611
66 3 563
66 4 518
66 5 598
66 6 551
66 7 666
66 8 587
66 9 533
66 10 645
66 11 602
66 12 597
66 13 604
66 14 639
66 15 564
66 16 591
66 17 529
66 18 620
66 19 669
66 20 656
66 21 561
66 22 534
66 23 519
66 24 514
66 25 631
66 26 555
66 27 600
66 28 724
66 29 548
66 30 630
66 31 562
66 32 569
66 33 623
66 34 692
66 35 569
66 36 660
66 37 585
66 38 594
66 39 589
66 40 617
66 41 613
66 42 611
66 43 599
66 44 495
66 45 588
66 46 552
66 47 641
66 48 552
66 49 549
66 50 571
66 51 592
66 52 640
66 53 705
66 54 589
66 55 590
66 56 575
66 57 577
66 58 621
66 59 597
66 60 596
66 61 525
66 62 664
66 63 584
66 64 617
66 65 583
66 66 583
66 67 609
66 68 578
66 69 689
66 70 555
66 71 588
66 72 676
66 73 594
66 74 546
66 75 644
66 76 638
66 77 586
66 78 650
66 79 654
66 80 596
66 81 546
66 82 606
66 83 572
66 84 572
66 85 608
66 86 521
66 87 497
66 88 603
66 89 655
66 90 609
66 91 627
66 92 610
66 93 652
66 94 596
66 95 653
66 96 586
66 97 592
66 98 592
66 99 626
67 0 462
67 1 595
67 2 566
67 3 546
67 4 519
67 5 594
67 6 565
67 7 587
67 8 567
67 9 538
67 10 629
67 11 547
67 12 594
67 13 543
67 14 589
67 15 589
67 16 633
67 17 514
67 18 560
67 19 618
67 20 601
67 21 493
67 22 514
67 23 538
67 24 505
67 25 552
67 26 526
67 27 618
67 28 661
67 29 503
67 30 601
67 31 537
67 32 585
67 33 560
67 34 650
67 35 585
67 36 615
67 37 618
67 38 614
67 39 550
67 40 608
67 41 600
67 42 532
67 43 564
67 44 491
67 45 593
67 46 594
67 47 647
67 48 525
67 49 542
67 50 549
67 51 535
67 52 608
67 53 544
67 54 615
67 55 548
67 56 578
67 57 552
67 58 587
67 59 598
67 60 595
67 61 527
67 62 597
67 63 588
67 64 611
67 65 580
67 66 541
67 67 544
67 68 577
67 69 584
67 70 538
67 71 643
67 72 605
67 73 555
67 74 491
67 75 553
67 76 614
67 77 637
67 78 641
67 79 541
67 80 546
67 81 464
67 82 563
67 83 538
67 84 528
67 85 618
67 86 452
67 87 491
67 88 597
67 89 541
67 90 584
67 91 618
67 92 624
67 93 642
67 94 540
67 95 625
67 96 565
67 97 595
67 98 573
67 99 572
68 0 530
68 1 560
68 2 552
68 3 534
68 4 500
68 5 578
68 6 576
68 7 615
68 8 549
68 9 493
68 10 625
68 11 560
68 12 599
68 13 591
68 14 640
68 15 527
68 16 644
68 17 553
68 18 570
68 19 627
68 20 667
68 21 483
68 22 546
68 23 567
68 24 495
68 25 596
68 26 547
68 27 592
68 28 686
68 29 579
68 30 591
68 31 522
68 32 583
68 33 665
68 34 617
68 35 619
68 36 610
68 37 625
68 38 557
68 39 520
68 40 625
68 41 578
68 42 613
68 43 621
68 44 505
68 45 629
68 46 637
68 47 664
68 48 506
68 49 592
68 50 611
68 51 578
68 52 613
68 53 650
68 54 599
68 55 587
68 56 554
68 57 542
68 58 573
68 59 567
68 60 608
68 61 557
68 62 682
68 63 502
68 64 599
68 65 600
68 66 601
68 67 513
68 68 567
68 69 630
68 70 539
68 71 626
68 72 634
68 73 640
68 74 454
68 75 610
68 76 658
68 77 598
68 78 701
68 79 628
68 80 572
68 81 538
68 82 608
68 83 581
68 84 603
68 85 585
68 86 509
68 87 517
68 88 577
68 89 611
68 90 646
68 91 610
68 92 579
68 93 582
68 94 561
68 95 625
68 96 598
68 97 580
68 98 576
68 99 570
69 0 440
69 1 554
69 2 571
69 3 519
69 4 465
69 5 535
69 6 493
69 7 649
69 8 548
69 9 490
69 10 602
69 11 540
69 12 554
69 13 537
69 14 587
69 15 568
69 16 556
69 17 591
69 18 548
69 19 623
69 20 621
69 21 493
69 22 539
69 23 513
69 24 437
69 25 515
69 26 467
69 27 595
69 28 687
69 29 520
69 30 606
69 31 513
69 32 582
69 33 561
69 34 648
69 35 496
69 36 568
69 37 573
69 38 584
69 39 541
69 40 604
69 41 587
69 42 525
69 43 547
69 44 468
69 45 543
69 46 554
69 47 571
69 48 490
69 49 570
69 50 499
69 51 547
69 52 634
69 53 593
69 54 520
69 55 541
69 56 552
69 57 566
69 58 578
69 59 574
69 60 556
69 61 509
69 62 614
69 63 580
69 64 519
69 65 574
69 66 570
69 67 530
69 68 553
69 69 584
69 70 545
69 71 562
69 72 627
69 73 544
69 74 472
69 75 567
69 76 613
69 77 537
69 78 562
69 79 515
69 80 531
69 81 480
69 82 567
69 83 498
69 84 493
69 85 590
69 86 426
69 87 487
69 88 562
69 89 634
69 90 582
69 91 586
69 92 579
69 93 619
69 94 555
69 95 536
69 96 597
69 97 558
69 98 624
69 99 549
70 0 477
70 1 571
70 2 563
70 3 483
70 4 516
70 5 577
70 6 544
70 7 643
70 8 610
70 9 520
70 10 630
70 11 587
70 12 501
70 13 529
70 14 600
70 15 535
70 16 599
70 17 512
70 18 537
70 19 654
70 20 579
70 21 526
70 22 488
70 23 550
70 24 555
70 25 525
70 26 544
70 27 586
70 28 680
70 29 559
70 30 593
70 31 514
70 32 557
70 33 606
70 34 630
70 35 529
70 36 566
70 37 588
70 38 588
70 39 542
70 40 625
70 41 612
70 42 525
70 43 529
70 44 474
70 45 605
70 46 576
70 47 547
70 48 505
70 49 524
70 50 554
70 51 612
70 52 527
70 53 625
70 54 577
70 55 548
70 56 570
70 57 516
70 58 557
70 59 547
70 60 578
70 61 548
70 62 644
70 63 630
70 64 567
70 65 545
70 66 535
70 67 522
70 68 545
70 69 637
70 70 518
70 71 594
70 72 602
70 73 549
70 74 529
70 75 563
70 76 562
70 77 603
70 78 590
70 79 551
70 80 529
70 81 505
70 82 597
70 83 534
70 84 599
70 85 538
70 86 453
70 87 435
70 88 624
70 89 599
70 90 565
70 91 591
70 92 536
70 93 646
70 94 544
70 95 593
70 96 594
70 97 547
70 98 554
70 99 561
71 0 463
71 1 597
71 2 556
71 3 523
71 4 515
71 5 550
71 6 504
71 7 628
71 8 506
71 9 504
71 10 643
71 11 531
71 12 595
71 13 500
71 14 625
71 15 526
71 16 612
71 17 515
71 18 507
71 19 621
71 20 645
71 21 512
71 22 567
71 23 586
71 24 540
71 25 537
71 26 456
71 27 553
71 28 693
71 29 569
71 30 565
71 31 572
71 32 577
71 33 620
71 34 644
71 35 565
71 36 621
71 37 591
71 38 560
71 39 519
71 40 609
71 41 591
71 42 521
71 43 594
71 44 445
71 45 585
71 46 582
71 47 594
71 48 536
71 49 599
71 50 573
71 51 574
71 52 606
71 53 615
71 54 561
71 55 560
71 56 582
71 57 587
71 58 562
71 59 550
71 60 553
71 61 526
71 62 651
71 63 550
71 64 544
71 65 573
71 66 560
71 67 557
71 68 549
71 69 630
71 70 512
71 71 578
71 72 666
71 73 603
71 74 410
71 75 584
71 76 616
71 77 587
71 78 627
71 79 600
71 80 559
71 81 538
71 82 523
71 83 522
71 84 626
71 85 575
71 86 540
71 87 492
71 88 573
71 89 653
71 90 592
71 91 616
71 92 574
71 93 629
71 94 599
71 95 563
71 96 541
71 97 595
71 98 571
71 99 492
72 0 523
72 1 639
72 2 647
72 3 591
72 4 561
72 5 630
72 6 624
72 7 699
72 8 591
72 9 556
72 10 669
72 11 626
72 12 665
72 13 580
72 14 652
72 15 568
72 16 654
72 17 604
72 18 595
72 19 666
72 20 641
72 21 562
72 22 625
72 23 663
72 24 510
72 25 559
72 26 517
72 27 650
72 28 747
72 29 589
72 30 654
72 31 627
72 32 653
72 33 636
72 34 685
72 35 643
72 36 675
72 37 640
72 38 629
72 39 659
72 40 676
72 41 674
72 42 610
72 43 627
72 44 576
72 45 664
72 46 613
72 47 654
72 48 604
72 49 605
72 50 611
72 51 559
72 52 679
72 53 664
72 54 646
72 55 594
72 56 661
72 57 559
72 58 621
72 59 656
72 60 627
72 61 615
72 62 686
72 63 601
72 64 589
72 65 580
72 66 588
72 67 573
72 68 624
72 69 638
72 70 546
72 71 674
72 72 655
72 73 589
72 74 536
72 75 696
72 76 667
72 77 694
72 78 700
72 79 626
72 80 603
72 81 583
72 82 593
72 83 576
72 84 592
72 85 623
72 86 556
72 87 504
72 88 602
72 89 697
72 90 641
72 91 639
72 92 592
72 93 682
72 94 671
72 95 659
72 96 666
72 97 699
72 98 651
72 99 627
73 0 441
73 1 493
73 2 471
73 3 467
73 4 428
73 5 500
73 6 464
73 7 514
73 8 456
73 9 491
73 10 540
73 11 492
73 12 459
73 13 450
73 14 499
73 15 485
73 16 497
73 17 502
73 18 473
73 19 514
73 20 501
73 21 434
73 22 502
73 23 440
73 24 377
73 25 451
73 26 395
73 27 472
73 28 517
73 29 436
73 30 472
73 31 460
73 32 492
73 33 504
73 34 531
73 35 462
73 36 533
73 37 532
73 38 460
73 39 468
73 40 523
73 41 500
73 42 483
73 43 459
73 44 436
73 45 522
73 46 442
73 47 533
73 48 441
73 49 468
73 50 461
73 51 459
73 52 561
73 53 539
73 54 475
73 55 434
73 56 454
73 57 401
73 58 537
73 59 529
73 60 509
73 61 475
73 62 510
73 63 551
73 64 430
73 65 475
73 66 475
73 67 462
73 68 508
73 69 506
73 70 457
73 71 500
73 72 502
73 73 449
73 74 390
73 75 544
73 76 531
73 77 512
73 78 554
73 79 506
73 80 428
73 81 419
73 82 493
73 83 484
73 84 463
73 85 524
73 86 407
73 87 394
73 88 455
73 89 530
73 90 508
73 91 509
73 92 496
73 93 513
73 94 530
73 95 527
73 96 495
73 97 488
73 98 506
73 99 538
74 0 567
74 1 647
74 2 658
74 3 567
74 4 573
74 5 622
74 6 609
74 7 727
74 8 651
74 9 589
74 10 735
74 11 612
74 12 673
74 13 611
74 14 684
74 15 591
74 16 676
74 17 631
74 18 615
74 19 629
74 20 717
74 21 607
74 22 599
74 23 591
74 24 556
74 25 650
74 26 592
74 27 682
74 28 723
74 29 607
74 30 655
74 31 559
74 32 645
74 33 679
74 34 742
74 35 645
74 36 675
74 37 663
74 38 616
74 39 654
74 40 712
74 41 728
74 42 662
74 43 625
74 44 571
74 45 683
74 46 679
74 47 697
74 48 589
74 49 671
74 50 610
74 51 688
74 52 694
74 53 686
74 54 624
74 55 611
74 56 638
74 57 622
74 58 691
74 59 678
74 60 655
74 61 617
74 62 705
74 63 651
74 64 697
74 65 669
74 66 634
74 67 615
74 68 654
74 69 733
74 70 569
74 71 705
74 72 624
74 73 622
74 74 479
74 75 675
74 76 656
74 77 690
74 78 691
74 79 691
74 80 644
74 81 634
74 82 609
74 83 639
74 84 695
74 85 636
74 86 543
74 87 578
74 88 705
74 89 678
74 90 674
74 91 718
74 92 662
74 93 712
74 94 630
74 95 709
74 96 592
74 97 664
74 98 620
74 99 616
75 0 511
75 1 651
75 2 615
75 3 577
75 4 569
75 5 625
75 6 587
75 7 677
75 8 612
75 9 538
75 10 661
75 11 611
75 12 612
75 13 563
75 14 709
75 15 667
75 16 609
75 17 573
75 18 584
75 19 602
75 20 687
75 21 589
75 22 565
75 23 589
75 24 536
75 25 575
75 26 584
75 27 687
75 28 729
75 29 582
75 30 647
75 31 585
75 32 672
75 33 680
75 34 697
75 35 596
75 36 643
75 37 622
75 38 583
75 39 631
75 40 659
75 41 657
75 42 626
75 43 581
75 44 536
75 45 620
75 46 637
75 47 674
75 48 565
75 49 584
75 50 599
75 51 648
75 52 662
75 53 651
75 54 651
75 55 554
75 56 589
75 57 565
75 58 634
75 59 621
75 60 585
75 61 631
75 62 715
75 63 578
75 64 641
75 65 641
75 66 570
75 67 630
75 68 605
75 69 738
75 70 565
75 71 633
75 72 638
75 73 610
75 74 512
75 75 631
75 76 654
75 77 644
75 78 687
75 79 606
75 80 624
75 81 551
75 82 587
75 83 600
75 84 624
75 85 592
75 86 586
75 87 609
75 88 590
75 89 686
75 90 616
75 91 678
75 92 670
75 93 621
75 94 601
75 95 638
75 96 561
75 97 585
75 98 577
75 99 642
76 0 531
76 1 622
76 2 605
76 3 569
76 4 526
76 5 543
76 6 584
76 7 617
76 8 619
76 9 527
76 10 640
76 11 612
76 12 654
76 13 624
76 14 635
76 15 684
76 16 662
76 17 546
76 18 576
76 19 626
76 20 672
76 21 617
76 22 582
76 23 564
76 24 439
76 25 646
76 26 578
76 27 652
76 28 708
76 29 539
76 30 639
76 31 597
76 32 614
76 33 691
76 34 683
76 35 611
76 36 691
76 37 641
76 38 606
76 39 648
76 40 681
76 41 629
76 42 611
76 43 595
76 44 492
76 45 632
76 46 638
76 47 714
76 48 540
76 49 610
76 50 541
76 51 591
76 52 615
76 53 690
76 54 564
76 55 589
76 56 592
76 57 582
76 58 689
76 59 652
76 60 597
76 61 586
76 62 692
76 63 560
76 64 600
76 65 629
76 66 613
76 67 541
76 68 654
76 69 684
76 70 598
76 71 705
76 72 667
76 73 653
76 74 500
76 75 664
76 76 644
76 77 672
76 78 684
76 79 622
76 80 605
76 81 525
76 82 629
76 83 615
76 84 619
76 85 639
76 86 504
76 87 517
76 88 604
76 89 637
76 90 607
76 91 629
76 92 602
76 93 660
76 94 612
76 95 643
76 96 616
76 97 571
76 98 625
76 99 621
77 0 485
77 1 664
77 2 650
77 3 572
77 4 539
77 5 584
77 6 644
77 7 720
77 8 662
77 9 568
77 10 710
77 11 617
77 12 607
77 13 604
77 14 681
77 15 592
77 16 712
77 17 571
77 18 615
77 19 641
77 20 636
77 21 565
77 22 598
77 23 543
77 24 562
77 25 605
77 26 598
77 27 654
77 28 815
77 29 605
77 30 649
77 31 595
77 32 636
77 33 692
77 34 690
77 35 635
77 36 665
77 37 713
77 38 616
77 39 635
77 40 672
77 41 636
77 42 624
77 43 591
77 44 505
77 45 676
77 46 658
77 47 647
77 48 612
77 49 646
77 50 586
77 51 612
77 52 709
77 53 642
77 54 624
77 55 545
77 56 637
77 57 595
77 58 606
77 59 664
77 60 590
77 61 580
77 62 710
77 63 586
77 64 671
77 65 629
77 66 618
77 67 520
77 68 654
77 69 701
77 70 563
77 71 687
77 72 672
77 73 627
77 74 595
77 75 705
77 76 615
77 77 714
77 78 629
77 79 614
77 80 695
77 81 541
77 82 674
77 83 523
77 84 619
77 85 604
77 86 506
77 87 564
77 88 673
77 89 689
77 90 625
77 91 712
77 92 685
77 93 625
77 94 578
77 95 614
77 96 627
77 97 670
77 98 607
77 99 582
78 0 516
78 1 689
78 2 678
78 3 607
78 4 570
78 5 682
78 6 624
78 7 626
78 8 603
78 9 621
78 10 750
78 11 605
78 12 600
78 13 629
78 14 635
78 15 578
78 16 765
78 17 633
78 18 650
78 19 701
78 20 687
78 21 583
78 22 579
78 23 621
78 24 535
78 25 635
78 26 598
78 27 691
78 28 729
78 29 582
78 30 627
78 31 616
78 32 612
78 33 684
78 34 701
78 35 643
78 36 734
78 37 633
78 38 693
78 39 627
78 40 669
78 41 681
78 42 685
78 43 656
78 44 574
78 45 650
78 46 654
78 47 750
78 48 616
78 49 619
78 50 631
78 51 651
78 52 663
78 53 675
78 54 644
78 55 612
78 56 651
78 57 610
78 58 679
78 59 685
78 60 643
78 61 659
78 62 677
78 63 618
78 64 658
78 65 617
78 66 586
78 67 606
78 68 610
78 69 727
78 70 561
78 71 713
78 72 676
78 73 601
78 74 542
78 75 719
78 76 675
78 77 654
78 78 714
78 79 615
78 80 611
78 81 599
78 82 659
78 83 613
78 84 619
78 85 625
78 86 502
78 87 476
78 88 625
78 89 711
78 90 642
78 91 650
78 92 652
78 93 731
78 94 673
78 95 656
78 96 665
78 97 684
78 98 654
78 99 654
79 0 483
79 1 637
79 2 558
79 3 535
79 4 530
79 5 581
79 6 569
79 7 691
79 8 598
79 9 523
79 10 604
79 11 593
79 12 561
79 13 531
79 14 602
79 15 600
79 16 592
79 17 563
79 18 514
79 19 653
79 20 634
79 21 556
79 22 624
79 23 569
79 24 463
79 25 598
79 26 509
79 27 573
79 28 635
79 29 567
79 30 621
79 31 539
79 32 586
79 33 587
79 34 662
79 35 530
79 36 652
79 37 625
79 38 491
79 39 611
79 40 587
79 41 622
79 42 618
79 43 564
79 44 496
79 45 592
79 46 569
79 47 646
79 48 571
79 49 584
79 50 535
79 51 610
79 52 633
79 53 673
79 54 607
79 55 547
79 56 538
79 57 528
79 58 587
79 59 579
79 60 505
79 61 558
79 62 681
79 63 575
79 64 540
79 65 627
79 66 604
79 67 523
79 68 574
79 69 590
79 70 573
79 71 542
79 72 591
79 73 630
79 74 532
79 75 643
79 76 610
79 77 646
79 78 647
79 79 516
79 80 558
79 81 518
79 82 607
79 83 556
79 84 545
79 85 551
79 86 528
79 87 557
79 88 588
79 89 677
79 90 576
79 91 642
79 92 623
79 93 661
79 94 613
79 95 588
79 96 563
79 97 572
79 98 545
79 99 621
80 0 506
80 1 618
80 2 581
80 3 523
80 4 566
80 5 577
80 6 536
80 7 615
80 8 560
80 9 514
80 10 556
80 11 534
80 12 573
80 13 543
80 14 543
80 15 505
80 16 570
80 17 562
80 18 548
80 19 625
80 20 633
80 21 535
80 22 519
80 23 548
80 24 459
80 25 569
80 26 519
80 27 641
80 28 704
80 29 550
80 30 601
80 31 506
80 32 595
80 33 656
80 34 689
80 35 572
80 36 653
80 37 591
80 38 616
80 39 515
80 40 591
80 41 578
80 42 564
80 43 561
80 44 512
80 45 572
80 46 571
80 47 654
80 48 500
80 49 563
80 50 562
80 51 513
80 52 595
80 53 595
80 54 642
80 55 532
80 56 606
80 57 562
80 58 567
80 59 539
80 60 568
80 61 555
80 62 629
80 63 575
80 64 558
80 65 597
80 66 513
80 67 514
80 68 575
80 69 570
80 70 484
80 71 615
80 72 581
80 73 519
80 74 452
80 75 572
80 76 587
80 77 610
80 78 569
80 79 537
80 80 589
80 81 500
80 82 568
80 83 510
80 84 608
80 85 576
80 86 512
80 87 486
80 88 540
80 89 627
80 90 571
80 91 569
80 92 614
80 93 625
80 94 555
80 95 510
80 96 565
80 97 617
80 98 532
80 99 557
81 0 528
81 1 616
81 2 582
81 3 550
81 4 507
81 5 618
81 6 599
81 7 679
81 8 540
81 9 537
81 10 597
81 11 588
81 12 615
81 13 541
81 14 664
81 15 583
81 16 616
81 17 565
81 18 531
81 19 626
81 20 623
81 21 522
81 22 586
81 23 618
81 24 486
81 25 550
81 26 476
81 27 610
81 28 710
81 29 575
81 30 615
81 31 518
81 32 636
81 33 616
81 34 681
81 35 559
81 36 640
81 37 624
81 38 553
81 39 594
81 40 682
81 41 643
81 42 597
81 43 613
81 44 513
81 45 588
81 46 548
81 47 631
81 48 545
81 49 653
81 50 587
81 51 572
81 52 653
81 53 636
81 54 621
81 55 525
81 56 592
81 57 583
81 58 641
81 59 593
81 60 596
81 61 558
81 62 644
81 63 601
81 64 588
81 65 639
81 66 604
81 67 572
81 68 607
81 69 598
81 70 546
81 71 604
81 72 635
81 73 574
81 74 446
81 75 586
81 76 658
81 77 598
81 78 626
81 79 599
81 80 569
81 81 558
81 82 556
81 83 562
81 84 598
81 85 597
81 86 505
81 87 575
81 88 620
81 89 682
81 90 596
81 91 602
81 92 591
81 93 694
81 94 527
81 95 585
81 96 634
81 97 654
81 98 618
81 99 582
82 0 517
82 1 616
82 2 597
82 3 536
82 4 498
82 5 582
82 6 563
82 7 684
82 8 556
82 9 539
82 10 659
82 11 618
82 12 590
82 13 584
82 14 640
82 15 519
82 16 596
82 17 599
82 18 554
82 19 620
82 20 662
82 21 547
82 22 556
82 23 613
82 24 466
82 25 560
82 26 519
82 27 590
82 28 701
82 29 636
82 30 603
82 31 565
82 32 629
82 33 633
82 34 654
82 35 581
82 36 660
82 37 636
82 38 586
82 39 623
82 40 575
82 41 643
82 42 590
82 43 597
82 44 502
82 45 604
82 46 608
82 47 622
82 48 569
82 49 590
82 50 580
82 51 589
82 52 616
82 53 629
82 54 611
82 55 569
82 56 644
82 57 587
82 58 585
82 59 627
82 60 586
82 61 616
82 62 662
82 63 609
82 64 624
82 65 591
82 66 568
82 67 581
82 68 599
82 69 639
82 70 539
82 71 638
82 72 637
82 73 606
82 74 493
82 75 661
82 76 650
82 77 599
82 78 657
82 79 599
82 80 586
82 81 562
82 82 625
82 83 601
82 84 620
82 85 619
82 86 496
82 87 502
82 88 600
82 89 635
82 90 587
82 91 649
82 92 609
82 93 711
82 94 607
82 95 595
82 96 551
82 97 616
82 98 593
82 99 571
83 0 504
83 1 622
83 2 650
83 3 583
83 4 542
83 5 641
83 6 603
83 7 716
83 8 556
83 9 573
83 10 628
83 11 635
83 12 637
83 13 587
83 14 634
83 15 584
83 16 685
83 17 605
83 18 587
83 19 622
83 20 703
83 21 584
83 22 565
83 23 622
83 24 500
83 25 641
83 26 556
83 27 631
83 28 691
83 29 572
83 30 675
83 31 539
83 32 691
83 33 681
83 34 688
83 35 667
83 36 638
83 37 693
83 38 616
83 39 614
83 40 681
83 41 631
83 42 636
83 43 581
83 44 550
83 45 627
83 46 648
83 47 703
83 48 645
83 49 612
83 50 581
83 51 615
83 52 607
83 53 629
83 54 680
83 55 551
83 56 619
83 57 633
83 58 644
83 59 655
83 60 597
83 61 620
83 62 708
83 63 587
83 64 657
83 65 597
83 66 611
83 67 579
83 68 679
83 69 708
83 70 599
83 71 672
83 72 669
83 73 615
83 74 511
83 75 682
83 76 637
83 77 671
83 78 665
83 79 629
83 80 660
83 81 525
83 82 638
83 83 604
83 84 597
83 85 650
83 86 545
83 87 530
83 88 630
83 89 720
83 90 625
83 91 636
83 92 629
83 93 653
83 94 621
83 95 644
83 96 618
83 97 644
83 98 573
83 99 574
84 0 509
84 1 649
84 2 639
84 3 616
84 4 575
84 5 691
84 6 574
84 7 677
84 8 570
84 9 534
84 10 696
84 11 642
84 12 618
84 13 563
84 14 689
84 15 558
84 16 686
84 17 583
84 18 581
84 19 667
84 20 614
84 21 636
84 22 623
84 23 592
84 24 556
84 25 616
84 26 500
84 27 632
84 28 697
84 29 574
84 30 579
84 31 593
84 32 602
84 33 728
84 34 723
84 35 625
84 36 700
84 37 690
84 38 606
84 39 538
84 40 637
84 41 621
84 42 641
84 43 608
84 44 574
84 45 610
84 46 585
84 47 677
84 48 599
84 49 606
84 50 602
84 51 601
84 52 695
84 53 652
84 54 638
84 55 546
84 56 607
84 57 555
84 58 617
84 59 643
84 60 620
84 61 611
84 62 679
84 63 585
84 64 627
84 65 640
84 66 624
84 67 638
84 68 629
84 69 685
84 70 534
84 71 648
84 72 693
84 73 598
84 74 521
84 75 661
84 76 647
84 77 659
84 78 695
84 79 652
84 80 652
84 81 542
84 82 588
84 83 560
84 84 685
84 85 647
84 86 571
84 87 548
84 88 581
84 89 737
84 90 633
84 91 661
84 92 691
84 93 672
84 94 652
84 95 604
84 96 559
84 97 659
84 98 600
84 99 614
85 0 475
85 1 607
85 2 576
85 3 556
85 4 533
85 5 577
85 6 609
85 7 641
85 8 621
85 9 525
85 10 626
85 11 609
85 12 551
85 13 587
85 14 623
85 15 597
85 16 606
85 17 555
85 18 536
85 19 623
85 20 636
85 21 577
85 22 571
85 23 584
85 24 480
85 25 572
85 26 585
85 27 651
85 28 687
85 29 576
85 30 605
85 31 542
85 32 594
85 33 580
85 34 667
85 35 580
85 36 624
85 37 636
85 38 608
85 39 603
85 40 590
85 41 601
85 42 614
85 43 567
85 44 517
85 45 597
85 46 611
85 47 639
85 48 512
85 49 570
85 50 579
85 51 645
85 52 635
85 53 659
85 54 619
85 55 523
85 56 618
85 57 551
85 58 637
85 59 583
85 60 564
85 61 585
85 62 670
85 63 634
85 64 597
85 65 541
85 66 585
85 67 575
85 68 640
85 69 639
85 70 532
85 71 638
85 72 668
85 73 560
85 74 521
85 75 589
85 76 630
85 77 616
85 78 603
85 79 581
85 80 581
85 81 570
85 82 605
85 83 523
85 84 637
85 85 593
85 86 472
85 87 531
85 88 563
85 89 664
85 90 593
85 91 614
85 92 588
85 93 636
85 94 620
85 95 604
85 96 574
85 97 623
85 98 570
85 99 579
86 0 533
86 1 609
86 2 595
86 3 587
86 4 587
86 5 641
86 6 603
86 7 681
86 8 634
86 9 590
86 10 641
86 11 621
86 12 555
86 13 610
86 14 695
86 15 634
86 16 652
86 17 568
86 18 615
86 19 630
86 20 665
86 21 542
86 22 599
86 23 605
86 24 561
86 25 605
86 26 561
86 27 621
86 28 680
86 29 551
86 30 678
86 31 567
86 32 673
86 33 687
86 34 749
86 35 662
86 36 705
86 37 660
86 38 603
86 39 615
86 40 694
86 41 708
86 42 671
86 43 612
86 44 572
86 45 621
86 46 636
86 47 697
86 48 573
86 49 672
86 50 572
86 51 636
86 52 650
86 53 686
86 54 652
86 55 622
86 56 669
86 57 546
86 58 609
86 59 670
86 60 618
86 61 606
86 62 738
86 63 640
86 64 611
86 65 657
86 66 605
86 67 576
86 68 592
86 69 694
86 70 585
86 71 622
86 72 642
86 73 625
86 74 552
86 75 646
86 76 706
86 77 638
86 78 722
86 79 660
86 80 588
86 81 557
86 82 604
86 83 570
86 84 667
86 85 625
86 86 507
86 87 510
86 88 626
86 89 703
86 90 720
86 91 658
86 92 679
86 93 722
86 94 590
86 95 661
86 96 667
86 97 677
86 98 628
86 99 668
87 0 507
87 1 572
87 2 600
87 3 575
87 4 504
87 5 592
87 6 542
87 7 625
87 8 611
87 9 538
87 10 640
87 11 606
87 12 590
87 13 567
87 14 664
87 15 567
87 16 621
87 17 566
87 18 554
87 19 604
87 20 622
87 21 488
87 22 504
87 23 544
87 24 463
87 25 551
87 26 535
87 27 627
87 28 665
87 29 590
87 30 572
87 31 557
87 32 624
87 33 648
87 34 623
87 35 553
87 36 656
87 37 629
87 38 617
87 39 591
87 40 677
87 41 642
87 42 579
87 43 582
87 44 472
87 45 627
87 46 560
87 47 630
87 48 514
87 49 542
87 50 594
87 51 558
87 52 638
87 53 584
87 54 627
87 55 506
87 56 582
87 57 529
87 58 617
87 59 570
87 60 546
87 61 551
87 62 611
87 63 598
87 64 611
87 65 568
87 66 541
87 67 545
87 68 595
87 69 639
87 70 518
87 71 624
87 72 661
87 73 569
87 74 484
87 75 579
87 76 648
87 77 619
87 78 632
87 79 650
87 80 596
87 81 538
87 82 600
87 83 535
87 84 605
87 85 595
87 86 476
87 87 519
87 88 590
87 89 606
87 90 566
87 91 595
87 92 594
87 93 638
87 94 531
87 95 667
87 96 560
87 97 591
87 98 521
87 99 639
88 0 484
88 1 623
88 2 633
88 3 623
88 4 530
88 5 596
88 6 602
88 7 696
88 8 638
88 9 585
88 10 682
88 11 620
88 12 623
88 13 570
88 14 684
88 15 660
88 16 656
88 17 602
88 18 610
88 19 717
88 20 698
88 21 562
88 22 557
88 23 640
88 24 536
88 25 636
88 26 556
88 27 625
88 28 753
88 29 626
88 30 679
88 31 607
88 32 622
88 33 666
88 34 693
88 35 634
88 36 717
88 37 626
88 38 631
88 39 614
88 40 650
88 41 649
88 42 662
88 43 619
88 44 558
88 45 653
88 46 624
88 47 688
88 48 580
88 49 590
88 50 612
88 51 580
88 52 604
88 53 661
88 54 633
88 55 563
88 56 662
88 57 643
88 58 614
88 59 661
88 60 535
88 61 615
88 62 679
88 63 626
88 64 641
88 65 625
88 66 569
88 67 583
88 68 653
88 69 706
88 70 592
88 71 645
88 72 638
88 73 612
88 74 551
88 75 651
88 76 681
88 77 616
88 78 674
88 79 631
88 80 642
88 81 549
88 82 629
88 83 586
88 84 654
88 85 644
88 86 514
88 87 551
88 88 626
88 89 658
88 90 688
88 91 630
88 92 669
88 93 747
88 94 593
88 95 637
88 96 610
88 97 641
88 98 677
88 99 654
89 0 545
89 1 645
89 2 656
89 3 639
89 4 588
89 5 699
89 6 676
89 7 677
89 8 652
89 9 594
89 10 701
89 11 630
89 12 626
89 13 604
89 14 642
89 15 599
89 16 670
89 17 585
89 18 613
89 19 709
89 20 680
89 21 568
89 22 593
89 23 646
89 24 544
89 25 622
89 26 614
89 27 636
89 28 805
89 29 661
89 30 698
89 31 593
89 32 623
89 33 695
89 34 699
89 35 628
89 36 681
89 37 649
89 38 708
89 39 602
89 40 712
89 41 688
89 42 645
89 43 617
89 44 562
89 45 629
89 46 653
89 47 678
89 48 690
89 49 597
89 50 661
89 51 671
89 52 640
89 53 699
89 54 657
89 55 601
89 56 634
89 57 671
89 58 643
89 59 658
89 60 605
89 61 618
89 62 666
89 63 661
89 64 634
89 65 637
89 66 549
89 67 614
89 68 622
89 69 710
89 70 587
89 71 674
89 72 669
89 73 575
89 74 579
89 75 697
89 76 653
89 77 669
89 78 678
89 79 647
89 80 629
89 81 569
89 82 684
89 83 633
89 84 656
89 85 674
89 86 532
89 87 502
89 88 693
89 89 741
89 90 649
89 91 701
89 92 694
89 93 726
89 94 633
89 95 664
89 96 620
89 97 679
89 98 658
89 99 619
90 0 453
90 1 539
90 2 555
90 3 507
90 4 444
90 5 522
90 6 461
90 7 609
90 8 519
90 9 486
90 10 591
90 11 515
90 12 553
90 13 465
90 14 568
90 15 507
90 16 591
90 17 485
90 18 499
90 19 572
90 20 590
90 21 451
90 22 469
90 23 473
90 24 476
90 25 522
90 26 457
90 27 582
90 28 617
90 29 502
90 30 543
90 31 486
90 32 594
90 33 562
90 34 603
90 35 531
90 36 527
90 37 554
90 38 568
90 39 481
90 40 613
90 41 541
90 42 541
90 43 528
90 44 499
90 45 512
90 46 509
90 47 587
90 48 536
90 49 492
90 50 515
90 51 526
90 52 550
90 53 587
90 54 502
90 55 474
90 56 504
90 57 525
90 58 545
90 59 536
90 60 489
90 61 456
90 62 607
90 63 550
90 64 502
90 65 535
90 66 502
90 67 490
90 68 593
90 69 630
90 70 470
90 71 555
90 72 587
90 73 522
90 74 430
90 75 504
90 76 513
90 77 597
90 78 558
90 79 542
90 80 508
90 81 443
90 82 513
90 83 521
90 84 537
90 85 557
90 86 449
90 87 403
90 88 503
90 89 624
90 90 561
90 91 556
90 92 565
90 93 529
90 94 520
90 95 552
90 96 524
90 97 498
90 98 483
90 99 510
91 0 498
91 1 611
91 2 657
91 3 625
91 4 576
91 5 605
91 6 645
91 7 713
91 8 629
91 9 571
91 10 638
91 11 648
91 12 640
91 13 611
91 14 671
91 15 681
91 16 697
91 17 589
91 18 586
91 19 637
91 20 675
91 21 606
91 22 589
91 23 613
91 24 532
91 25 638
91 26 600
91 27 716
91 28 752
91 29 585
91 30 647
91 31 552
91 32 661
91 33 652
91 34 713
91 35 645
91 36 698
91 37 640
91 38 619
91 39 664
91 40 698
91 41 677
91 42 635
91 43 622
91 44 523
91 45 614
91 46 629
91 47 661
91 48 610
91 49 590
91 50 605
91 51 703
91 52 673
91 53 685
91 54 624
91 55 641
91 56 630
91 57 572
91 58 614
91 59 650
91 60 585
91 61 607
91 62 700
91 63 600
91 64 623
91 65 650
91 66 623
91 67 590
91 68 625
91 69 674
91 70 599
91 71 657
91 72 717
91 73 649
91 74 543
91 75 673
91 76 689
91 77 670
91 78 644
91 79 651
91 80 658
91 81 537
91 82 639
91 83 605
91 84 633
91 85 616
91 86 513
91 87 560
91 88 636
91 89 702
91 90 659
91 91 637
91 92 681
91 93 679
91 94 617
91 95 677
91 96 623
91 97 629
91 98 627
91 99 635
92 0 521
92 1 543
92 2 612
92 3 526
92 4 544
92 5 656
92 6 552
92 7 625
92 8 579
92 9 525
92 10 575
92 11 558
92 12 623
92 13 581
92 14 628
92 15 577
92 16 605
92 17 525
92 18 574
92 19 615
92 20 686
92 21 527
92 22 547
92 23 504
92 24 490
92 25 577
92 26 498
92 27 565
92 28 678
92 29 555
92 30 629
92 31 551
92 32 608
92 33 654
92 34 665
92 35 574
92 36 656
92 37 630
92 38 591
92 39 625
92 40 607
92 41 651
92 42 614
92 43 605
92 44 449
92 45 548
92 46 579
92 47 650
92 48 563
92 49 551
92 50 569
92 51 615
92 52 599
92 53 657
92 54 579
92 55 601
92 56 566
92 57 564
92 58 569
92 59 588
92 60 631
92 61 509
92 62 669
92 63 604
92 64 569
92 65 576
92 66 548
92 67 552
92 68 593
92 69 613
92 70 545
92 71 633
92 72 648
92 73 594
92 74 496
92 75 614
92 76 626
92 77 579
92 78 663
92 79 624
92 80 589
92 81 467
92 82 637
92 83 546
92 84 592
92 85 585
92 86 523
92 87 467
92 88 584
92 89 659
92 90 620
92 91 645
92 92 611
92 93 678
92 94 597
92 95 639
92 96 572
92 97 603
92 98 579
92 99 650
93 0 560
93 1 623
93 2 649
93 3 619
93 4 584
93 5 628
93 6 610
93 7 695
93 8 616
93 9 574
93 10 658
93 11 638
93 12 679
93 13 626
93 14 673
93 15 598
93 16 641
93 17 591
93 18 619
93 19 680
93 20 681
93 21 560
93 22 630
93 23 580
93 24 521
93 25 637
93 26 582
93 27 637
93 28 713
93 29 575
93 30 694
93 31 632
93 32 684
93 33 617
93 34 679
93 35 664
93 36 637
93 37 663
93 38 623
93 39 622
93 40 616
93 41 675
93 42 667
93 43 627
93 44 577
93 45 682
93 46 639
93 47 642
93 48 591
93 49 667
93 50 650
93 51 642
93 52 671
93 53 674
93 54 636
93 55 587
93 56 663
93 57 603
93 58 635
93 59 636
93 60 652
93 61 604
93 62 685
93 63 632
93 64 665
93 65 687
93 66 621
93 67 643
93 68 627
93 69 663
93 70 603
93 71 646
93 72 686
93 73 613
93 74 549
93 75 681
93 76 676
93 77 657
93 78 711
93 79 734
93 80 630
93 81 615
93 82 605
93 83 612
93 84 637
93 85 616
93 86 578
93 87 583
93 88 660
93 89 671
93 90 660
93 91 641
93 92 641
93 93 671
93 94 623
93 95 632
93 96 618
93 97 687
93 98 658
93 99 628
94 0 475
94 1 642
94 2 587
94 3 526
94 4 529
94 5 612
94 6 546
94 7 684
94 8 642
94 9 552
94 10 579
94 11 609
94 12 580
94 13 545
94 14 626
94 15 638
94 16 617
94 17 555
94 18 585
94 19 649
94 20 652
94 21 515
94 22 537
94 23 556
94 24 508
94 25 622
94 26 503
94 27 616
94 28 667
94 29 528
94 30 627
94 31 573
94 32 617
94 33 606
94 34 660
94 35 594
94 36 631
94 37 602
94 38 564
94 39 598
94 40 671
94 41 583
94 42 594
94 43 609
94 44 521
94 45 569
94 46 560
94 47 672
94 48 546
94 49 618
94 50 532
94 51 579
94 52 621
94 53 613
94 54 618
94 55 574
94 56 568
94 57 606
94 58 638
94 59 598
94 60 517
94 61 555
94 62 697
94 63 572
94 64 566
94 65 545
94 66 625
94 67 535
94 68 537
94 69 659
94 70 563
94 71 612
94 72 679
94 73 628
94 74 526
94 75 578
94 76 591
94 77 654
94 78 618
94 79 571
94 80 535
94 81 505
94 82 543
94 83 529
94 84 569
94 85 587
94 86 516
94 87 582
94 88 619
94 89 620
94 90 634
94 91 664
94 92 634
94 93 612
94 94 588
94 95 625
94 96 626
94 97 630
94 98 528
94 99 602
95 0 446
95 1 536
95 2 515
95 3 462
95 4 503
95 5 574
95 6 464
95 7 537
95 8 507
95 9 468
95 10 553
95 11 532
95 12 531
95 13 490
95 14 507
95 15 473
95 16 620
95 17 541
95 18 504
95 19 542
95 20 588
95 21 495
95 22 493
95 23 559
95 24 460
95 25 559
95 26 460
95 27 564
95 28 609
95 29 520
95 30 560
95 31 534
95 32 540
95 33 540
95 34 583
95 35 547
95 36 526
95 37 538
95 38 526
95 39 509
95 40 551
95 41 528
95 42 538
95 43 545
95 44 453
95 45 543
95 46 558
95 47 590
95 48 539
95 49 476
95 50 526
95 51 509
95 52 578
95 53 533
95 54 541
95 55 518
95 56 552
95 57 510
95 58 544
95 59 590
95 60 491
95 61 558
95 62 580
95 63 492
95 64 490
95 65 544
95 66 515
95 67 475
95 68 506
95 69 583
95 70 514
95 71 502
95 72 572
95 73 531
95 74 421
95 75 535
95 76 560
95 77 546
95 78 600
95 79 539
95 80 485
95 81 448
95 82 511
95 83 485
95 84 478
95 85 532
95 86 406
95 87 482
95 88 549
95 89 573
95 90 560
95 91 535
95 92 564
95 93 570
95 94 511
95 95 493
95 96 531
95 97 566
95 98 520
95 99 491
96 0 523
96 1 644
96 2 620
96 3 567
96 4 522
96 5 571
96 6 602
96 7 660
96 8 589
96 9 568
96 10 647
96 11 591
96 12 621
96 13 576
96 14 684
96 15 623
96 16 608
96 17 627
96 18 578
96 19 615
96 20 642
96 21 553
96 22 543
96 23 584
96 24 474
96 25 608
96 26 525
96 27 664
96 28 707
96 29 639
96 30 634
96 31 552
96 32 621
96 33 626
96 34 733
96 35 579
96 36 613
96 37 614
96 38 615
96 39 571
96 40 664
96 41 608
96 42 675
96 43 611
96 44 541
96 45 601
96 46 640
96 47 694
96 48 553
96 49 605
96 50 565
96 51 575
96 52 647
96 53 694
96 54 622
96 55 552
96 56 639
96 57 590
96 58 631
96 59 601
96 60 597
96 61 565
96 62 622
96 63 635
96 64 581
96 65 602
96 66 558
96 67 562
96 68 577
96 69 681
96 70 537
96 71 671
96 72 645
96 73 605
96 74 461
96 75 642
96 76 659
96 77 639
96 78 707
96 79 590
96 80 557
96 81 542
96 82 627
96 83 622
96 84 608
96 85 547
96 86 512
96 87 536
96 88 616
96 89 658
96 90 643
96 91 589
96 92 664
96 93 710
96 94 646
96 95 640
96 96 663
96 97 657
96 98 609
96 99 575
97 0 433
97 1 577
97 2 570
97 3 516
97 4 586
97 5 529
97 6 557
97 7 679
97 8 529
97 9 563
97 10 584
97 11 564
97 12 559
97 13 558
97 14 561
97 15 494
97 16 601
97 17 545
97 18 621
97 19 588
97 20 617
97 21 536
97 22 547
97 23 559
97 24 476
97 25 637
97 26 561
97 27 573
97 28 645
97 29 540
97 30 594
97 31 558
97 32 591
97 33 611
97 34 695
97 35 582
97 36 650
97 37 601
97 38 497
97 39 640
97 40 618
97 41 609
97 42 622
97 43 560
97 44 465
97 45 595
97 46 550
97 47 612
97 48 538
97 49 549
97 50 508
97 51 598
97 52 624
97 53 629
97 54 612
97 55 553
97 56 587
97 57 518
97 58 605
97 59 603
97 60 564
97 61 512
97 62 614
97 63 548
97 64 597
97 65 589
97 66 576
97 67 529
97 68 549
97 69 639
97 70 454
97 71 624
97 72 639
97 73 561
97 74 501
97 75 690
97 76 573
97 77 587
97 78 647
97 79 586
97 80 571
97 81 560
97 82 572
97 83 541
97 84 606
97 85 506
97 86 475
97 87 534
97 88 616
97 89 646
97 90 565
97 91 579
97 92 646
97 93 625
97 94 595
97 95 610
97 96 581
97 97 638
97 98 574
97 99 573
98 0 484
98 1 568
98 2 531
98 3 511
98 4 471
98 5 516
98 6 529
98 7 554
98 8 527
98 9 479
98 10 530
98 11 583
98 12 466
98 13 508
98 14 608
98 15 515
98 16 544
98 17 532
98 18 501
98 19 534
98 20 563
98 21 465
98 22 431
98 23 590
98 24 463
98 25 526
98 26 518
98 27 554
98 28 653
98 29 567
98 30 564
98 31 513
98 32 554
98 33 563
98 34 616
98 35 524
98 36 509
98 37 522
98 38 499
98 39 587
98 40 621
98 41 507
98 42 579
98 43 543
98 44 461
98 45 519
98 46 557
98 47 606
98 48 457
98 49 548
98 50 537
98 51 531
98 52 590
98 53 551
98 54 634
98 55 515
98 56 550
98 57 502
98 58 557
98 59 512
98 60 481
98 61 557
98 62 550
98 63 519
98 64 563
98 65 490
98 66 539
98 67 512
98 68 521
98 69 609
98 70 455
98 71 523
98 72 624
98 73 515
98 74 426
98 75 544
98 76 567
98 77 555
98 78 572
98 79 526
98 80 503
98 81 479
98 82 539
98 83 500
98 84 525
98 85 497
98 86 390
98 87 512
98 88 575
98 89 581
98 90 534
98 91 551
98 92 566
98 93 548
98 94 481
98 95 585
98 96 577
98 97 545
98 98 521
98 99 535
99 0 512
99 1 669
99 2 665
99 3 624
99 4 569
99 5 643
99 6 641
99 7 748
99 8 602
99 9 586
99 10 730
99 11 615
99 12 631
99 13 612
99 14 737
99 15 651
99 16 697
99 17 591
99 18 614
99 19 725
99 20 649
99 21 588
99 22 640
99 23 636
99 24 511
99 25 635
99 26 586
99 27 630
99 28 730
99 29 587
99 30 650
99 31 652
99 32 714
99 33 730
99 34 710
99 35 691
99 36 700
99 37 708
99 38 648
99 39 601
99 40 672
99 41 671
99 42 683
99 43 628
99 44 560
99 45 628
99 46 642
99 47 691
99 48 604
99 49 625
99 50 609
99 51 622
99 52 737
99 53 672
99 54 659
99 55 613
99 56 694
99 57 583
99 58 674
99 59 633
99 60 637
99 61 641
99 62 723
99 63 679
99 64 651
99 65 670
99 66 638
99 67 590
99 68 656
99 69 684
99 70 580
99 71 714
99 72 734
99 73 640
99 74 581
99 75 693
99 76 733
99 77 712
99 78 724
99 79 646
99 80 628
99 81 566
99 82 691
99 83 608
99 84 657
99 85 639
99 86 530
99 87 594
99 88 633
99 89 692
99 90 655
99 91 713
99 92 689
99 93 703
99 94 638
99 95 682
99 96 629
99 97 715
99 98 653
99 99 628
