0 0 3
0 1 1
0 2 1
0 3 0
0 4 3
0 5 2
0 6 3
0 7 1
0 8 3
0 9 3
0 10 4
0 11 0
0 12 0
0 13 4
0 14 2
0 15 3
0 16 2
0 17 2
0 18 2
0 19 3
0 20 1
0 21 4
0 22 0
0 23 2
0 24 1
0 25 4
0 26 0
0 27 4
0 28 0
0 29 4
0 30 1
0 31 1
0 32 2
0 33 0
0 34 1
0 35 0
0 36 2
0 37 4
0 38 3
0 39 2
0 40 2
0 41 1
0 42 0
0 43 4
0 44 0
0 45 3
0 46 2
0 47 4
0 48 4
0 49 2
0 50 4
0 51 2
0 52 1
0 53 4
0 54 3
0 55 4
0 56 1
0 57 3
0 58 1
0 59 0
0 60 3
0 61 3
0 62 2
0 63 2
0 64 3
0 65 0
0 66 3
0 67 4
0 68 2
0 69 4
0 70 0
0 71 0
0 72 0
0 73 2
0 74 1
0 75 3
0 76 3
0 77 0
0 78 1
0 79 0
0 80 0
0 81 4
0 82 1
0 83 1
0 84 2
0 85 1
0 86 1
0 87 1
0 88 3
0 89 4
0 90 4
0 91 2
0 92 1
0 93 2
0 94 0
0 95 4
0 96 1
0 97 4
0 98 3
0 99 0
1 0 4
1 1 2
1 2 2
1 3 0
1 4 0
1 5 0
1 6 3
1 7 0
1 8 1
1 9 3
1 10 0
1 11 3
1 12 1
1 13 4
1 14 1
1 15 1
1 16 0
1 17 4
1 18 3
1 19 0
1 20 1
1 21 2
1 22 3
1 23 3
1 24 2
1 25 1
1 26 2
1 27 2
1 28 3
1 29 1
1 30 0
1 31 1
1 32 4
1 33 2
1 34 1
1 35 3
1 36 3
1 37 2
1 38 2
1 39 1
1 40 2
1 41 2
1 42 2
1 43 3
1 44 4
1 45 4
1 46 0
1 47 3
1 48 4
1 49 4
1 50 2
1 51 1
1 52 2
1 53 3
1 54 3
1 55 4
1 56 1
1 57 2
1 58 1
1 59 3
1 60 4
1 61 1
1 62 0
1 63 3
1 64 3
1 65 1
1 66 4
1 67 3
1 68 2
1 69 1
1 70 1
1 71 4
1 72 0
1 73 1
1 74 4
1 75 1
1 76 4
1 77 4
1 78 4
1 79 0
1 80 0
1 81 0
1 82 4
1 83 1
1 84 1
1 85 3
1 86 1
1 87 4
1 88 2
1 89 0
1 90 0
1 91 4
1 92 4
1 93 4
1 94 1
1 95 0
1 96 1
1 97 1
1 98 4
1 99 4
2 0 2
2 1 3
2 2 3
2 3 4
2 4 3
2 5 0
2 6 4
2 7 0
2 8 1
2 9 3
2 10 2
2 11 4
2 12 0
2 13 2
2 14 2
2 15 2
2 16 2
2 17 2
2 18 2
2 19 1
2 20 1
2 21 3
2 22 0
2 23 0
2 24 3
2 25 0
2 26 4
2 27 0
2 28 3
2 29 4
2 30 2
2 31 1
2 32 2
2 33 1
2 34 4
2 35 1
2 36 1
2 37 1
2 38 3
2 39 3
2 40 4
2 41 4
2 42 1
2 43 0
2 44 0
2 45 4
2 46 2
2 47 1
2 48 1
2 49 2
2 50 3
2 51 3
2 52 2
2 53 1
2 54 1
2 55 0
2 56 1
2 57 0
2 58 2
2 59 4
2 60 4
2 61 1
2 62 4
2 63 0
2 64 1
2 65 2
2 66 2
2 67 3
2 68 2
2 69 3
2 70 0
2 71 3
2 72 4
2 73 4
2 74 0
2 75 0
2 76 4
2 77 2
2 78 4
2 79 1
2 80 0
2 81 3
2 82 4
2 83 0
2 84 1
2 85 2
2 86 0
2 87 1
2 88 4
2 89 4
2 90 0
2 91 4
2 92 2
2 93 3
2 94 4
2 95 0
2 96 3
2 97 4
2 98 0
2 99 0
3 0 3
3 1 0
3 2 0
3 3 4
3 4 2
3 5 1
3 6 3
3 7 1
3 8 2
3 9 0
3 10 4
3 11 3
3 12 3
3 13 2
3 14 2
3 15 1
3 16 2
3 17 2
3 18 0
3 19 3
3 20 3
3 21 3
3 22 1
3 23 3
3 24 0
3 25 4
3 26 1
3 27 0
3 28 4
3 29 0
3 30 4
3 31 0
3 32 0
3 33 1
3 34 2
3 35 2
3 36 3
3 37 0
3 38 1
3 39 0
3 40 2
3 41 2
3 42 1
3 43 3
3 44 0
3 45 3
3 46 2
3 47 0
3 48 2
3 49 2
3 50 3
3 51 0
3 52 4
3 53 1
3 54 0
3 55 1
3 56 2
3 57 2
3 58 1
3 59 4
3 60 1
3 61 4
3 62 3
3 63 4
3 64 3
3 65 2
3 66 3
3 67 3
3 68 1
3 69 2
3 70 3
3 71 1
3 72 1
3 73 0
3 74 1
3 75 1
3 76 1
3 77 2
3 78 3
3 79 2
3 80 4
3 81 1
3 82 0
3 83 3
3 84 3
3 85 4
3 86 3
3 87 1
3 88 4
3 89 3
3 90 0
3 91 1
3 92 1
3 93 2
3 94 1
3 95 3
3 96 1
3 97 0
3 98 3
3 99 4
4 0 2
4 1 1
4 2 3
4 3 0
4 4 1
4 5 1
4 6 0
4 7 2
4 8 2
4 9 2
4 10 2
4 11 3
4 12 2
4 13 3
4 14 1
4 15 4
4 16 1
4 17 3
4 18 4
4 19 1
4 20 4
4 21 0
4 22 2
4 23 0
4 24 1
4 25 4
4 26 0
4 27 0
4 28 1
4 29 0
4 30 3
4 31 4
4 32 4
4 33 2
4 34 1
4 35 4
4 36 3
4 37 2
4 38 3
4 39 0
4 40 1
4 41 0
4 42 4
4 43 4
4 44 0
4 45 0
4 46 3
4 47 4
4 48 0
4 49 2
4 50 0
4 51 2
4 52 1
4 53 1
4 54 3
4 55 0
4 56 0
4 57 0
4 58 3
4 59 3
4 60 2
4 61 2
4 62 0
4 63 4
4 64 1
4 65 4
4 66 1
4 67 1
4 68 0
4 69 0
4 70 2
4 71 0
4 72 3
4 73 1
4 74 3
4 75 4
4 76 3
4 77 4
4 78 1
4 79 4
4 80 2
4 81 3
4 82 0
4 83 4
4 84 4
4 85 2
4 86 0
4 87 0
4 88 1
4 89 0
4 90 3
4 91 1
4 92 2
4 93 2
4 94 4
4 95 4
4 96 4
4 97 2
4 98 2
4 99 3
5 0 2
5 1 1
5 2 4
5 3 0
5 4 4
5 5 3
5 6 0
5 7 0
5 8 0
5 9 3
5 10 3
5 11 4
5 12 2
5 13 0
5 14 2
5 15 3
5 16 4
5 17 2
5 18 4
5 19 4
5 20 1
5 21 4
5 22 2
5 23 2
5 24 4
5 25 3
5 26 4
5 27 2
5 28 0
5 29 3
5 30 1
5 31 2
5 32 0
5 33 3
5 34 2
5 35 0
5 36 4
5 37 1
5 38 3
5 39 4
5 40 0
5 41 1
5 42 4
5 43 3
5 44 1
5 45 1
5 46 2
5 47 4
5 48 4
5 49 0
5 50 0
5 51 0
5 52 2
5 53 0
5 54 1
5 55 1
5 56 0
5 57 2
5 58 3
5 59 2
5 60 1
5 61 1
5 62 0
5 63 4
5 64 2
5 65 0
5 66 1
5 67 1
5 68 0
5 69 0
5 70 4
5 71 0
5 72 1
5 73 4
5 74 4
5 75 2
5 76 4
5 77 4
5 78 0
5 79 2
5 80 0
5 81 1
5 82 3
5 83 4
5 84 1
5 85 1
5 86 2
5 87 1
5 88 0
5 89 2
5 90 2
5 91 1
5 92 2
5 93 4
5 94 3
5 95 3
5 96 4
5 97 4
5 98 3
5 99 1
6 0 2
6 1 1
6 2 4
6 3 4
6 4 1
6 5 4
6 6 3
6 7 3
6 8 0
6 9 3
6 10 2
6 11 0
6 12 3
6 13 0
6 14 3
6 15 2
6 16 0
6 17 3
6 18 4
6 19 2
6 20 4
6 21 2
6 22 1
6 23 2
6 24 1
6 25 2
6 26 0
6 27 2
6 28 0
6 29 1
6 30 3
6 31 1
6 32 3
6 33 0
6 34 2
6 35 2
6 36 1
6 37 3
6 38 3
6 39 2
6 40 4
6 41 4
6 42 3
6 43 0
6 44 2
6 45 3
6 46 2
6 47 1
6 48 3
6 49 3
6 50 3
6 51 2
6 52 1
6 53 4
6 54 0
6 55 1
6 56 0
6 57 2
6 58 2
6 59 4
6 60 0
6 61 4
6 62 0
6 63 4
6 64 4
6 65 2
6 66 0
6 67 0
6 68 3
6 69 0
6 70 0
6 71 1
6 72 3
6 73 1
6 74 4
6 75 4
6 76 4
6 77 3
6 78 1
6 79 1
6 80 3
6 81 0
6 82 3
6 83 2
6 84 0
6 85 3
6 86 3
6 87 3
6 88 2
6 89 1
6 90 1
6 91 1
6 92 4
6 93 1
6 94 3
6 95 4
6 96 2
6 97 4
6 98 3
6 99 1
7 0 4
7 1 4
7 2 3
7 3 2
7 4 4
7 5 2
7 6 3
7 7 4
7 8 2
7 9 0
7 10 0
7 11 4
7 12 3
7 13 3
7 14 0
7 15 0
7 16 2
7 17 2
7 18 1
7 19 1
7 20 2
7 21 2
7 22 4
7 23 0
7 24 1
7 25 0
7 26 2
7 27 1
7 28 2
7 29 1
7 30 0
7 31 3
7 32 2
7 33 1
7 34 0
7 35 1
7 36 0
7 37 4
7 38 0
7 39 2
7 40 1
7 41 3
7 42 0
7 43 3
7 44 2
7 45 2
7 46 4
7 47 2
7 48 4
7 49 2
7 50 1
7 51 4
7 52 4
7 53 1
7 54 4
7 55 1
7 56 3
7 57 0
7 58 3
7 59 3
7 60 4
7 61 1
7 62 4
7 63 0
7 64 4
7 65 3
7 66 4
7 67 3
7 68 3
7 69 3
7 70 1
7 71 3
7 72 4
7 73 0
7 74 1
7 75 1
7 76 4
7 77 2
7 78 1
7 79 0
7 80 3
7 81 2
7 82 0
7 83 3
7 84 3
7 85 3
7 86 1
7 87 2
7 88 4
7 89 4
7 90 4
7 91 2
7 92 3
7 93 3
7 94 2
7 95 2
7 96 3
7 97 0
7 98 0
7 99 1
8 0 0
8 1 3
8 2 1
8 3 1
8 4 3
8 5 0
8 6 1
8 7 2
8 8 2
8 9 4
8 10 2
8 11 4
8 12 4
8 13 3
8 14 1
8 15 3
8 16 2
8 17 4
8 18 1
8 19 1
8 20 2
8 21 0
8 22 0
8 23 4
8 24 3
8 25 1
8 26 1
8 27 1
8 28 0
8 29 1
8 30 0
8 31 3
8 32 3
8 33 4
8 34 0
8 35 4
8 36 4
8 37 1
8 38 1
8 39 2
8 40 2
8 41 2
8 42 1
8 43 1
8 44 4
8 45 1
8 46 4
8 47 4
8 48 1
8 49 0
8 50 0
8 51 4
8 52 4
8 53 4
8 54 2
8 55 2
8 56 2
8 57 4
8 58 4
8 59 0
8 60 2
8 61 3
8 62 0
8 63 2
8 64 3
8 65 2
8 66 4
8 67 1
8 68 2
8 69 4
8 70 1
8 71 2
8 72 4
8 73 4
8 74 2
8 75 2
8 76 4
8 77 3
8 78 1
8 79 0
8 80 2
8 81 2
8 82 1
8 83 4
8 84 4
8 85 0
8 86 1
8 87 4
8 88 2
8 89 1
8 90 1
8 91 3
8 92 1
8 93 2
8 94 1
8 95 1
8 96 4
8 97 1
8 98 2
8 99 4
9 0 0
9 1 3
9 2 2
9 3 1
9 4 2
9 5 0
9 6 3
9 7 0
9 8 4
9 9 1
9 10 1
9 11 4
9 12 4
9 13 1
9 14 3
9 15 2
9 16 2
9 17 2
9 18 4
9 19 3
9 20 1
9 21 3
9 22 3
9 23 2
9 24 4
9 25 1
9 26 4
9 27 2
9 28 4
9 29 4
9 30 4
9 31 2
9 32 3
9 33 3
9 34 1
9 35 4
9 36 1
9 37 2
9 38 3
9 39 1
9 40 0
9 41 3
9 42 1
9 43 4
9 44 4
9 45 3
9 46 2
9 47 3
9 48 3
9 49 3
9 50 2
9 51 1
9 52 2
9 53 1
9 54 4
9 55 1
9 56 1
9 57 4
9 58 4
9 59 0
9 60 2
9 61 4
9 62 2
9 63 3
9 64 4
9 65 3
9 66 4
9 67 2
9 68 3
9 69 0
9 70 1
9 71 4
9 72 3
9 73 2
9 74 3
9 75 2
9 76 3
9 77 1
9 78 3
9 79 0
9 80 4
9 81 0
9 82 2
9 83 0
9 84 2
9 85 0
9 86 3
9 87 3
9 88 2
9 89 0
9 90 3
9 91 0
9 92 1
9 93 1
9 94 1
9 95 0
9 96 2
9 97 3
9 98 0
9 99 1
10 0 1
10 1 4
10 2 2
10 3 0
10 4 1
10 5 4
10 6 0
10 7 2
10 8 4
10 9 3
10 10 3
10 11 2
10 12 4
10 13 4
10 14 2
10 15 3
10 16 2
10 17 2
10 18 4
10 19 3
10 20 4
10 21 3
10 22 2
10 23 1
10 24 2
10 25 0
10 26 1
10 27 0
10 28 4
10 29 4
10 30 4
10 31 4
10 32 4
10 33 3
10 34 3
10 35 4
10 36 1
10 37 2
10 38 3
10 39 0
10 40 3
10 41 4
10 42 4
10 43 2
10 44 2
10 45 4
10 46 2
10 47 3
10 48 2
10 49 4
10 50 4
10 51 1
10 52 2
10 53 2
10 54 4
10 55 4
10 56 2
10 57 3
10 58 2
10 59 2
10 60 3
10 61 3
10 62 0
10 63 0
10 64 3
10 65 4
10 66 2
10 67 4
10 68 2
10 69 2
10 70 1
10 71 1
10 72 1
10 73 1
10 74 1
10 75 2
10 76 4
10 77 4
10 78 3
10 79 0
10 80 1
10 81 4
10 82 2
10 83 2
10 84 4
10 85 1
10 86 4
10 87 4
10 88 0
10 89 4
10 90 4
10 91 2
10 92 1
10 93 2
10 94 1
10 95 0
10 96 1
10 97 1
10 98 0
10 99 0
11 0 1
11 1 1
11 2 1
11 3 2
11 4 2
11 5 1
11 6 0
11 7 2
11 8 4
11 9 0
11 10 4
11 11 2
11 12 1
11 13 3
11 14 4
11 15 2
11 16 4
11 17 0
11 18 4
11 19 3
11 20 4
11 21 4
11 22 4
11 23 3
11 24 4
11 25 0
11 26 2
11 27 0
11 28 4
11 29 3
11 30 4
11 31 3
11 32 3
11 33 0
11 34 1
11 35 0
11 36 4
11 37 3
11 38 0
11 39 2
11 40 1
11 41 1
11 42 1
11 43 0
11 44 2
11 45 4
11 46 1
11 47 1
11 48 2
11 49 3
11 50 2
11 51 1
11 52 2
11 53 0
11 54 1
11 55 3
11 56 0
11 57 1
11 58 0
11 59 1
11 60 2
11 61 3
11 62 1
11 63 2
11 64 0
11 65 1
11 66 0
11 67 1
11 68 3
11 69 0
11 70 1
11 71 2
11 72 0
11 73 4
11 74 2
11 75 1
11 76 1
11 77 3
11 78 1
11 79 0
11 80 4
11 81 3
11 82 2
11 83 1
11 84 4
11 85 3
11 86 2
11 87 4
11 88 0
11 89 1
11 90 0
11 91 4
11 92 3
11 93 1
11 94 4
11 95 1
11 96 1
11 97 2
11 98 4
11 99 2
12 0 2
12 1 3
12 2 2
12 3 4
12 4 4
12 5 0
12 6 0
12 7 3
12 8 3
12 9 2
12 10 1
12 11 4
12 12 0
12 13 1
12 14 1
12 15 4
12 16 2
12 17 2
12 18 3
12 19 3
12 20 3
12 21 3
12 22 3
12 23 0
12 24 2
12 25 4
12 26 1
12 27 3
12 28 2
12 29 0
12 30 4
12 31 4
12 32 2
12 33 0
12 34 0
12 35 4
12 36 4
12 37 4
12 38 2
12 39 2
12 40 4
12 41 2
12 42 2
12 43 1
12 44 0
12 45 4
12 46 1
12 47 2
12 48 4
12 49 4
12 50 1
12 51 1
12 52 4
12 53 3
12 54 4
12 55 0
12 56 1
12 57 3
12 58 0
12 59 1
12 60 4
12 61 2
12 62 0
12 63 2
12 64 4
12 65 0
12 66 0
12 67 4
12 68 3
12 69 1
12 70 2
12 71 4
12 72 3
12 73 0
12 74 1
12 75 0
12 76 0
12 77 2
12 78 4
12 79 2
12 80 0
12 81 2
12 82 4
12 83 2
12 84 3
12 85 0
12 86 3
12 87 1
12 88 4
12 89 2
12 90 2
12 91 1
12 92 2
12 93 4
12 94 2
12 95 1
12 96 2
12 97 2
12 98 1
12 99 0
13 0 4
13 1 3
13 2 0
13 3 2
13 4 4
13 5 1
13 6 4
13 7 4
13 8 0
13 9 2
13 10 4
13 11 1
13 12 0
13 13 3
13 14 2
13 15 2
13 16 2
13 17 1
13 18 1
13 19 2
13 20 2
13 21 4
13 22 0
13 23 1
13 24 3
13 25 1
13 26 2
13 27 2
13 28 4
13 29 4
13 30 1
13 31 4
13 32 2
13 33 3
13 34 4
13 35 4
13 36 0
13 37 0
13 38 2
13 39 4
13 40 0
13 41 3
13 42 0
13 43 2
13 44 0
13 45 3
13 46 1
13 47 0
13 48 2
13 49 1
13 50 0
13 51 3
13 52 1
13 53 3
13 54 3
13 55 1
13 56 3
13 57 2
13 58 0
13 59 2
13 60 4
13 61 1
13 62 4
13 63 4
13 64 4
13 65 3
13 66 2
13 67 3
13 68 0
13 69 2
13 70 2
13 71 4
13 72 1
13 73 3
13 74 3
13 75 2
13 76 3
13 77 4
13 78 4
13 79 3
13 80 0
13 81 2
13 82 0
13 83 1
13 84 0
13 85 1
13 86 0
13 87 2
13 88 1
13 89 1
13 90 0
13 91 1
13 92 4
13 93 1
13 94 0
13 95 4
13 96 4
13 97 3
13 98 1
13 99 3
14 0 2
14 1 2
14 2 3
14 3 4
14 4 4
14 5 0
14 6 0
14 7 4
14 8 4
14 9 4
14 10 0
14 11 3
14 12 0
14 13 3
14 14 4
14 15 3
14 16 1
14 17 1
14 18 1
14 19 0
14 20 1
14 21 2
14 22 3
14 23 1
14 24 3
14 25 3
14 26 3
14 27 3
14 28 2
14 29 3
14 30 3
14 31 4
14 32 0
14 33 2
14 34 2
14 35 1
14 36 2
14 37 4
14 38 2
14 39 0
14 40 4
14 41 2
14 42 2
14 43 1
14 44 1
14 45 4
14 46 1
14 47 1
14 48 2
14 49 3
14 50 2
14 51 2
14 52 2
14 53 4
14 54 1
14 55 1
14 56 0
14 57 3
14 58 2
14 59 1
14 60 2
14 61 1
14 62 0
14 63 3
14 64 0
14 65 0
14 66 4
14 67 4
14 68 2
14 69 2
14 70 2
14 71 2
14 72 3
14 73 2
14 74 2
14 75 3
14 76 4
14 77 2
14 78 2
14 79 0
14 80 2
14 81 4
14 82 0
14 83 3
14 84 2
14 85 0
14 86 1
14 87 2
14 88 0
14 89 1
14 90 2
14 91 0
14 92 4
14 93 2
14 94 1
14 95 2
14 96 4
14 97 1
14 98 3
14 99 4
15 0 0
15 1 3
15 2 4
15 3 2
15 4 0
15 5 1
15 6 2
15 7 3
15 8 3
15 9 0
15 10 0
15 11 2
15 12 4
15 13 4
15 14 1
15 15 4
15 16 3
15 17 0
15 18 0
15 19 4
15 20 3
15 21 2
15 22 0
15 23 2
15 24 0
15 25 4
15 26 0
15 27 1
15 28 3
15 29 4
15 30 3
15 31 3
15 32 3
15 33 4
15 34 2
15 35 4
15 36 1
15 37 4
15 38 0
15 39 3
15 40 3
15 41 3
15 42 3
15 43 2
15 44 2
15 45 2
15 46 4
15 47 2
15 48 1
15 49 0
15 50 3
15 51 0
15 52 3
15 53 1
15 54 3
15 55 1
15 56 4
15 57 0
15 58 4
15 59 1
15 60 3
15 61 3
15 62 3
15 63 1
15 64 1
15 65 3
15 66 3
15 67 2
15 68 1
15 69 1
15 70 1
15 71 2
15 72 2
15 73 0
15 74 0
15 75 0
15 76 0
15 77 1
15 78 3
15 79 2
15 80 3
15 81 3
15 82 1
15 83 4
15 84 4
15 85 0
15 86 0
15 87 2
15 88 1
15 89 4
15 90 0
15 91 1
15 92 3
15 93 2
15 94 0
15 95 0
15 96 3
15 97 3
15 98 4
15 99 3
16 0 4
16 1 3
16 2 4
16 3 3
16 4 3
16 5 3
16 6 0
16 7 4
16 8 1
16 9 4
16 10 2
16 11 2
16 12 1
16 13 4
16 14 1
16 15 1
16 16 0
16 17 0
16 18 0
16 19 3
16 20 4
16 21 2
16 22 1
16 23 3
16 24 1
16 25 3
16 26 1
16 27 2
16 28 1
16 29 2
16 30 1
16 31 1
16 32 1
16 33 1
16 34 2
16 35 1
16 36 3
16 37 1
16 38 3
16 39 1
16 40 1
16 41 3
16 42 0
16 43 4
16 44 0
16 45 1
16 46 4
16 47 4
16 48 2
16 49 0
16 50 3
16 51 2
16 52 1
16 53 4
16 54 3
16 55 1
16 56 0
16 57 1
16 58 0
16 59 0
16 60 4
16 61 1
16 62 4
16 63 4
16 64 3
16 65 2
16 66 4
16 67 2
16 68 0
16 69 2
16 70 2
16 71 2
16 72 3
16 73 2
16 74 1
16 75 2
16 76 1
16 77 1
16 78 3
16 79 2
16 80 2
16 81 3
16 82 1
16 83 1
16 84 4
16 85 1
16 86 4
16 87 0
16 88 1
16 89 2
16 90 0
16 91 3
16 92 4
16 93 2
16 94 2
16 95 4
16 96 1
16 97 3
16 98 2
16 99 3
17 0 2
17 1 4
17 2 2
17 3 1
17 4 4
17 5 3
17 6 1
17 7 1
17 8 4
17 9 2
17 10 4
17 11 0
17 12 3
17 13 3
17 14 0
17 15 1
17 16 3
17 17 2
17 18 0
17 19 1
17 20 4
17 21 1
17 22 1
17 23 1
17 24 2
17 25 2
17 26 1
17 27 1
17 28 1
17 29 1
17 30 4
17 31 4
17 32 1
17 33 0
17 34 3
17 35 2
17 36 3
17 37 1
17 38 2
17 39 4
17 40 0
17 41 2
17 42 3
17 43 4
17 44 4
17 45 0
17 46 4
17 47 0
17 48 4
17 49 0
17 50 0
17 51 2
17 52 0
17 53 2
17 54 2
17 55 4
17 56 0
17 57 4
17 58 0
17 59 4
17 60 0
17 61 2
17 62 1
17 63 0
17 64 1
17 65 4
17 66 2
17 67 2
17 68 2
17 69 4
17 70 2
17 71 1
17 72 3
17 73 3
17 74 3
17 75 3
17 76 3
17 77 3
17 78 1
17 79 0
17 80 1
17 81 4
17 82 2
17 83 3
17 84 0
17 85 0
17 86 4
17 87 3
17 88 1
17 89 2
17 90 2
17 91 2
17 92 2
17 93 1
17 94 1
17 95 0
17 96 1
17 97 0
17 98 1
17 99 4
18 0 2
18 1 1
18 2 4
18 3 2
18 4 3
18 5 3
18 6 3
18 7 2
18 8 4
18 9 4
18 10 3
18 11 2
18 12 4
18 13 4
18 14 3
18 15 4
18 16 1
18 17 1
18 18 1
18 19 3
18 20 0
18 21 4
18 22 3
18 23 3
18 24 1
18 25 1
18 26 3
18 27 3
18 28 4
18 29 4
18 30 4
18 31 3
18 32 4
18 33 2
18 34 0
18 35 2
18 36 0
18 37 3
18 38 2
18 39 2
18 40 1
18 41 3
18 42 4
18 43 4
18 44 0
18 45 4
18 46 1
18 47 4
18 48 3
18 49 3
18 50 3
18 51 1
18 52 1
18 53 1
18 54 3
18 55 4
18 56 1
18 57 3
18 58 3
18 59 0
18 60 0
18 61 4
18 62 4
18 63 4
18 64 4
18 65 1
18 66 0
18 67 4
18 68 1
18 69 2
18 70 2
18 71 3
18 72 0
18 73 1
18 74 4
18 75 4
18 76 4
18 77 2
18 78 3
18 79 0
18 80 3
18 81 0
18 82 3
18 83 0
18 84 1
18 85 3
18 86 2
18 87 3
18 88 0
18 89 4
18 90 1
18 91 1
18 92 4
18 93 4
18 94 4
18 95 0
18 96 4
18 97 3
18 98 2
18 99 4
19 0 4
19 1 2
19 2 2
19 3 3
19 4 1
19 5 2
19 6 3
19 7 0
19 8 2
19 9 0
19 10 3
19 11 3
19 12 2
19 13 1
19 14 0
19 15 3
19 16 0
19 17 0
19 18 0
19 19 1
19 20 4
19 21 2
19 22 2
19 23 1
19 24 4
19 25 2
19 26 3
19 27 3
19 28 4
19 29 4
19 30 4
19 31 0
19 32 0
19 33 3
19 34 0
19 35 3
19 36 4
19 37 2
19 38 0
19 39 3
19 40 3
19 41 3
19 42 2
19 43 2
19 44 3
19 45 1
19 46 0
19 47 4
19 48 0
19 49 4
19 50 4
19 51 3
19 52 4
19 53 3
19 54 1
19 55 2
19 56 2
19 57 0
19 58 1
19 59 2
19 60 4
19 61 2
19 62 1
19 63 0
19 64 0
19 65 0
19 66 0
19 67 3
19 68 3
19 69 0
19 70 3
19 71 2
19 72 4
19 73 4
19 74 3
19 75 3
19 76 0
19 77 1
19 78 3
19 79 3
19 80 2
19 81 0
19 82 3
19 83 4
19 84 0
19 85 4
19 86 3
19 87 2
19 88 3
19 89 3
19 90 2
19 91 1
19 92 2
19 93 1
19 94 0
19 95 1
19 96 4
19 97 0
19 98 2
19 99 1
20 0 3
20 1 2
20 2 3
20 3 2
20 4 3
20 5 0
20 6 4
20 7 0
20 8 2
20 9 0
20 10 3
20 11 4
20 12 0
20 13 0
20 14 2
20 15 2
20 16 2
20 17 1
20 18 3
20 19 4
20 20 3
20 21 3
20 22 2
20 23 4
20 24 1
20 25 4
20 26 3
20 27 1
20 28 3
20 29 4
20 30 2
20 31 3
20 32 1
20 33 2
20 34 2
20 35 1
20 36 0
20 37 0
20 38 0
20 39 0
20 40 2
20 41 3
20 42 0
20 43 4
20 44 2
20 45 0
20 46 4
20 47 1
20 48 2
20 49 4
20 50 1
20 51 0
20 52 0
20 53 2
20 54 4
20 55 3
20 56 4
20 57 0
20 58 4
20 59 3
20 60 0
20 61 4
20 62 3
20 63 2
20 64 0
20 65 0
20 66 0
20 67 3
20 68 3
20 69 1
20 70 1
20 71 4
20 72 3
20 73 3
20 74 3
20 75 1
20 76 4
20 77 4
20 78 3
20 79 2
20 80 4
20 81 1
20 82 4
20 83 1
20 84 1
20 85 0
20 86 2
20 87 1
20 88 3
20 89 3
20 90 2
20 91 0
20 92 0
20 93 4
20 94 0
20 95 4
20 96 0
20 97 3
20 98 4
20 99 4
21 0 2
21 1 2
21 2 2
21 3 3
21 4 3
21 5 2
21 6 1
21 7 4
21 8 4
21 9 0
21 10 4
21 11 4
21 12 4
21 13 1
21 14 4
21 15 3
21 16 2
21 17 3
21 18 1
21 19 4
21 20 1
21 21 0
21 22 1
21 23 2
21 24 4
21 25 3
21 26 2
21 27 4
21 28 4
21 29 2
21 30 2
21 31 4
21 32 3
21 33 0
21 34 1
21 35 3
21 36 3
21 37 0
21 38 3
21 39 3
21 40 2
21 41 0
21 42 1
21 43 1
21 44 4
21 45 0
21 46 1
21 47 0
21 48 1
21 49 3
21 50 4
21 51 1
21 52 2
21 53 3
21 54 3
21 55 2
21 56 4
21 57 1
21 58 4
21 59 2
21 60 1
21 61 1
21 62 2
21 63 3
21 64 2
21 65 2
21 66 1
21 67 1
21 68 1
21 69 0
21 70 0
21 71 1
21 72 1
21 73 4
21 74 3
21 75 0
21 76 4
21 77 2
21 78 3
21 79 4
21 80 0
21 81 0
21 82 3
21 83 1
21 84 0
21 85 3
21 86 4
21 87 2
21 88 3
21 89 3
21 90 4
21 91 4
21 92 0
21 93 4
21 94 2
21 95 4
21 96 0
21 97 2
21 98 2
21 99 1
22 0 2
22 1 4
22 2 4
22 3 3
22 4 3
22 5 1
22 6 1
22 7 3
22 8 0
22 9 1
22 10 0
22 11 3
22 12 4
22 13 3
22 14 3
22 15 3
22 16 4
22 17 0
22 18 3
22 19 3
22 20 2
22 21 4
22 22 1
22 23 4
22 24 3
22 25 4
22 26 1
22 27 4
22 28 2
22 29 0
22 30 4
22 31 2
22 32 2
22 33 2
22 34 1
22 35 2
22 36 4
22 37 3
22 38 0
22 39 3
22 40 3
22 41 1
22 42 0
22 43 1
22 44 2
22 45 2
22 46 1
22 47 3
22 48 2
22 49 1
22 50 1
22 51 4
22 52 2
22 53 2
22 54 0
22 55 2
22 56 4
22 57 3
22 58 1
22 59 0
22 60 2
22 61 1
22 62 4
22 63 0
22 64 4
22 65 3
22 66 4
22 67 1
22 68 2
22 69 2
22 70 3
22 71 3
22 72 2
22 73 2
22 74 4
22 75 0
22 76 0
22 77 2
22 78 2
22 79 4
22 80 3
22 81 2
22 82 1
22 83 1
22 84 1
22 85 2
22 86 2
22 87 0
22 88 4
22 89 4
22 90 4
22 91 4
22 92 1
22 93 4
22 94 1
22 95 3
22 96 1
22 97 1
22 98 0
22 99 1
23 0 1
23 1 2
23 2 1
23 3 1
23 4 1
23 5 4
23 6 1
23 7 3
23 8 4
23 9 2
23 10 3
23 11 2
23 12 3
23 13 3
23 14 3
23 15 0
23 16 1
23 17 3
23 18 2
23 19 1
23 20 2
23 21 0
23 22 4
23 23 3
23 24 3
23 25 4
23 26 1
23 27 2
23 28 4
23 29 4
23 30 4
23 31 0
23 32 3
23 33 1
23 34 1
23 35 2
23 36 4
23 37 4
23 38 4
23 39 1
23 40 1
23 41 0
23 42 0
23 43 4
23 44 2
23 45 4
23 46 0
23 47 3
23 48 4
23 49 0
23 50 3
23 51 4
23 52 0
23 53 0
23 54 3
23 55 2
23 56 1
23 57 1
23 58 3
23 59 4
23 60 0
23 61 2
23 62 1
23 63 2
23 64 3
23 65 3
23 66 3
23 67 2
23 68 4
23 69 0
23 70 2
23 71 3
23 72 4
23 73 1
23 74 2
23 75 3
23 76 3
23 77 4
23 78 3
23 79 2
23 80 3
23 81 1
23 82 0
23 83 2
23 84 4
23 85 4
23 86 2
23 87 4
23 88 0
23 89 3
23 90 1
23 91 1
23 92 3
23 93 1
23 94 4
23 95 2
23 96 3
23 97 3
23 98 0
23 99 1
24 0 3
24 1 1
24 2 0
24 3 2
24 4 4
24 5 2
24 6 2
24 7 1
24 8 4
24 9 4
24 10 1
24 11 4
24 12 3
24 13 0
24 14 1
24 15 0
24 16 4
24 17 4
24 18 3
24 19 1
24 20 2
24 21 0
24 22 3
24 23 3
24 24 4
24 25 2
24 26 2
24 27 3
24 28 2
24 29 3
24 30 3
24 31 0
24 32 0
24 33 1
24 34 0
24 35 4
24 36 2
24 37 2
24 38 2
24 39 2
24 40 3
24 41 3
24 42 1
24 43 0
24 44 4
24 45 4
24 46 2
24 47 1
24 48 3
24 49 1
24 50 2
24 51 4
24 52 4
24 53 2
24 54 0
24 55 0
24 56 0
24 57 0
24 58 4
24 59 1
24 60 1
24 61 3
24 62 1
24 63 0
24 64 2
24 65 2
24 66 0
24 67 1
24 68 4
24 69 0
24 70 3
24 71 0
24 72 1
24 73 3
24 74 1
24 75 3
24 76 0
24 77 4
24 78 4
24 79 0
24 80 1
24 81 3
24 82 1
24 83 0
24 84 3
24 85 2
24 86 3
24 87 4
24 88 1
24 89 1
24 90 0
24 91 3
24 92 3
24 93 4
24 94 3
24 95 3
24 96 0
24 97 3
24 98 4
24 99 2
25 0 2
25 1 2
25 2 2
25 3 1
25 4 4
25 5 4
25 6 2
25 7 4
25 8 4
25 9 2
25 10 4
25 11 3
25 12 4
25 13 1
25 14 0
25 15 4
25 16 4
25 17 2
25 18 1
25 19 0
25 20 4
25 21 2
25 22 0
25 23 1
25 24 3
25 25 2
25 26 3
25 27 0
25 28 2
25 29 3
25 30 0
25 31 0
25 32 2
25 33 3
25 34 1
25 35 0
25 36 0
25 37 1
25 38 2
25 39 0
25 40 2
25 41 4
25 42 2
25 43 2
25 44 2
25 45 2
25 46 4
25 47 4
25 48 3
25 49 0
25 50 4
25 51 1
25 52 2
25 53 2
25 54 2
25 55 3
25 56 2
25 57 3
25 58 2
25 59 0
25 60 2
25 61 0
25 62 0
25 63 4
25 64 4
25 65 0
25 66 1
25 67 4
25 68 4
25 69 0
25 70 2
25 71 2
25 72 1
25 73 1
25 74 4
25 75 4
25 76 2
25 77 2
25 78 3
25 79 1
25 80 3
25 81 3
25 82 3
25 83 2
25 84 2
25 85 1
25 86 3
25 87 3
25 88 2
25 89 4
25 90 3
25 91 3
25 92 3
25 93 0
25 94 0
25 95 2
25 96 2
25 97 4
25 98 4
25 99 2
26 0 3
26 1 0
26 2 0
26 3 2
26 4 0
26 5 1
26 6 1
26 7 3
26 8 1
26 9 2
26 10 1
26 11 1
26 12 4
26 13 2
26 14 2
26 15 2
26 16 1
26 17 1
26 18 1
26 19 1
26 20 2
26 21 1
26 22 2
26 23 0
26 24 2
26 25 2
26 26 2
26 27 1
26 28 3
26 29 0
26 30 2
26 31 2
26 32 3
26 33 3
26 34 2
26 35 0
26 36 0
26 37 2
26 38 4
26 39 1
26 40 0
26 41 2
26 42 0
26 43 3
26 44 2
26 45 1
26 46 4
26 47 3
26 48 1
26 49 2
26 50 4
26 51 2
26 52 3
26 53 0
26 54 3
26 55 1
26 56 2
26 57 1
26 58 2
26 59 0
26 60 0
26 61 2
26 62 4
26 63 1
26 64 3
26 65 1
26 66 4
26 67 1
26 68 1
26 69 3
26 70 1
26 71 1
26 72 3
26 73 2
26 74 4
26 75 2
26 76 3
26 77 4
26 78 2
26 79 1
26 80 3
26 81 2
26 82 2
26 83 2
26 84 3
26 85 0
26 86 2
26 87 1
26 88 4
26 89 2
26 90 3
26 91 2
26 92 1
26 93 0
26 94 0
26 95 0
26 96 1
26 97 3
26 98 2
26 99 0
27 0 0
27 1 1
27 2 4
27 3 0
27 4 4
27 5 3
27 6 1
27 7 2
27 8 4
27 9 2
27 10 0
27 11 3
27 12 2
27 13 3
27 14 2
27 15 4
27 16 0
27 17 2
27 18 2
27 19 3
27 20 2
27 21 2
27 22 2
27 23 3
27 24 2
27 25 1
27 26 4
27 27 1
27 28 0
27 29 1
27 30 0
27 31 0
27 32 1
27 33 2
27 34 2
27 35 4
27 36 3
27 37 2
27 38 0
27 39 1
27 40 3
27 41 3
27 42 4
27 43 4
27 44 0
27 45 2
27 46 1
27 47 2
27 48 1
27 49 4
27 50 0
27 51 3
27 52 1
27 53 2
27 54 3
27 55 4
27 56 3
27 57 1
27 58 1
27 59 0
27 60 3
27 61 0
27 62 2
27 63 3
27 64 0
27 65 1
27 66 1
27 67 2
27 68 0
27 69 2
27 70 0
27 71 1
27 72 4
27 73 1
27 74 4
27 75 1
27 76 1
27 77 1
27 78 0
27 79 3
27 80 3
27 81 4
27 82 4
27 83 3
27 84 3
27 85 4
27 86 0
27 87 4
27 88 2
27 89 1
27 90 3
27 91 4
27 92 2
27 93 4
27 94 0
27 95 1
27 96 1
27 97 3
27 98 1
27 99 2
28 0 4
28 1 2
28 2 1
28 3 3
28 4 1
28 5 0
28 6 4
28 7 2
28 8 4
28 9 1
28 10 3
28 11 3
28 12 3
28 13 2
28 14 1
28 15 1
28 16 4
28 17 0
28 18 4
28 19 0
28 20 1
28 21 2
28 22 3
28 23 1
28 24 2
28 25 4
28 26 2
28 27 1
28 28 1
28 29 4
28 30 4
28 31 2
28 32 3
28 33 0
28 34 4
28 35 0
28 36 1
28 37 1
28 38 1
28 39 3
28 40 3
28 41 3
28 42 2
28 43 3
28 44 2
28 45 4
28 46 1
28 47 3
28 48 0
28 49 0
28 50 2
28 51 3
28 52 0
28 53 0
28 54 4
28 55 2
28 56 3
28 57 1
28 58 4
28 59 4
28 60 3
28 61 0
28 62 2
28 63 4
28 64 2
28 65 1
28 66 3
28 67 1
28 68 3
28 69 4
28 70 3
28 71 3
28 72 4
28 73 0
28 74 4
28 75 1
28 76 0
28 77 3
28 78 3
28 79 0
28 80 0
28 81 3
28 82 4
28 83 2
28 84 2
28 85 3
28 86 0
28 87 1
28 88 0
28 89 1
28 90 2
28 91 3
28 92 1
28 93 0
28 94 3
28 95 1
28 96 1
28 97 2
28 98 2
28 99 2
29 0 3
29 1 2
29 2 1
29 3 0
29 4 1
29 5 1
29 6 4
29 7 0
29 8 4
29 9 0
29 10 3
29 11 1
29 12 3
29 13 4
29 14 2
29 15 2
29 16 2
29 17 3
29 18 1
29 19 4
29 20 4
29 21 2
29 22 2
29 23 3
29 24 0
29 25 1
29 26 3
29 27 2
29 28 0
29 29 2
29 30 0
29 31 3
29 32 0
29 33 0
29 34 4
29 35 3
29 36 3
29 37 1
29 38 3
29 39 2
29 40 2
29 41 0
29 42 2
29 43 4
29 44 2
29 45 1
29 46 4
29 47 4
29 48 1
29 49 3
29 50 4
29 51 0
29 52 2
29 53 2
29 54 3
29 55 3
29 56 2
29 57 4
29 58 2
29 59 2
29 60 4
29 61 0
29 62 1
29 63 1
29 64 4
29 65 0
29 66 4
29 67 2
29 68 1
29 69 3
29 70 4
29 71 0
29 72 2
29 73 3
29 74 2
29 75 4
29 76 3
29 77 1
29 78 2
29 79 0
29 80 1
29 81 2
29 82 2
29 83 3
29 84 3
29 85 0
29 86 3
29 87 3
29 88 0
29 89 4
29 90 2
29 91 2
29 92 3
29 93 4
29 94 2
29 95 3
29 96 2
29 97 3
29 98 4
29 99 0
30 0 1
30 1 0
30 2 3
30 3 0
30 4 4
30 5 4
30 6 3
30 7 3
30 8 3
30 9 1
30 10 4
30 11 2
30 12 0
30 13 4
30 14 3
30 15 4
30 16 3
30 17 0
30 18 4
30 19 4
30 20 1
30 21 2
30 22 1
30 23 1
30 24 4
30 25 2
30 26 3
30 27 4
30 28 4
30 29 1
30 30 2
30 31 2
30 32 4
30 33 0
30 34 2
30 35 4
30 36 3
30 37 4
30 38 4
30 39 1
30 40 4
30 41 4
30 42 0
30 43 2
30 44 4
30 45 0
30 46 4
30 47 3
30 48 0
30 49 3
30 50 4
30 51 0
30 52 4
30 53 0
30 54 2
30 55 1
30 56 1
30 57 2
30 58 3
30 59 3
30 60 0
30 61 0
30 62 2
30 63 3
30 64 2
30 65 1
30 66 0
30 67 4
30 68 1
30 69 2
30 70 0
30 71 1
30 72 4
30 73 0
30 74 0
30 75 2
30 76 1
30 77 2
30 78 1
30 79 3
30 80 2
30 81 0
30 82 1
30 83 4
30 84 1
30 85 1
30 86 0
30 87 3
30 88 2
30 89 2
30 90 2
30 91 1
30 92 1
30 93 1
30 94 4
30 95 3
30 96 0
30 97 0
30 98 1
30 99 4
31 0 3
31 1 2
31 2 0
31 3 2
31 4 0
31 5 0
31 6 3
31 7 3
31 8 1
31 9 0
31 10 3
31 11 3
31 12 4
31 13 4
31 14 3
31 15 0
31 16 1
31 17 1
31 18 0
31 19 0
31 20 3
31 21 0
31 22 4
31 23 0
31 24 1
31 25 3
31 26 1
31 27 0
31 28 0
31 29 0
31 30 1
31 31 3
31 32 0
31 33 4
31 34 2
31 35 2
31 36 0
31 37 2
31 38 3
31 39 1
31 40 0
31 41 2
31 42 4
31 43 3
31 44 0
31 45 1
31 46 3
31 47 4
31 48 0
31 49 1
31 50 0
31 51 2
31 52 3
31 53 3
31 54 3
31 55 1
31 56 1
31 57 0
31 58 2
31 59 4
31 60 4
31 61 3
31 62 0
31 63 4
31 64 2
31 65 1
31 66 4
31 67 2
31 68 2
31 69 1
31 70 3
31 71 0
31 72 3
31 73 0
31 74 2
31 75 0
31 76 2
31 77 0
31 78 4
31 79 2
31 80 2
31 81 0
31 82 1
31 83 3
31 84 1
31 85 3
31 86 0
31 87 2
31 88 1
31 89 0
31 90 2
31 91 1
31 92 0
31 93 4
31 94 1
31 95 3
31 96 1
31 97 4
31 98 2
31 99 4
32 0 3
32 1 4
32 2 4
32 3 3
32 4 2
32 5 1
32 6 2
32 7 1
32 8 2
32 9 2
32 10 4
32 11 3
32 12 0
32 13 0
32 14 1
32 15 3
32 16 3
32 17 0
32 18 4
32 19 3
32 20 0
32 21 4
32 22 2
32 23 3
32 24 3
32 25 4
32 26 2
32 27 0
32 28 1
32 29 2
32 30 3
32 31 0
32 32 0
32 33 3
32 34 3
32 35 4
32 36 1
32 37 4
32 38 0
32 39 2
32 40 4
32 41 3
32 42 0
32 43 2
32 44 4
32 45 3
32 46 4
32 47 4
32 48 1
32 49 3
32 50 1
32 51 2
32 52 2
32 53 4
32 54 0
32 55 0
32 56 3
32 57 4
32 58 0
32 59 1
32 60 1
32 61 1
32 62 0
32 63 1
32 64 3
32 65 3
32 66 0
32 67 2
32 68 2
32 69 3
32 70 4
32 71 1
32 72 1
32 73 0
32 74 1
32 75 3
32 76 3
32 77 2
32 78 0
32 79 4
32 80 2
32 81 3
32 82 1
32 83 1
32 84 3
32 85 4
32 86 2
32 87 3
32 88 3
32 89 4
32 90 4
32 91 1
32 92 2
32 93 4
32 94 0
32 95 3
32 96 2
32 97 2
32 98 1
32 99 2
33 0 2
33 1 3
33 2 0
33 3 3
33 4 0
33 5 4
33 6 1
33 7 1
33 8 3
33 9 4
33 10 1
33 11 2
33 12 4
33 13 2
33 14 4
33 15 4
33 16 3
33 17 1
33 18 0
33 19 3
33 20 1
33 21 2
33 22 0
33 23 0
33 24 4
33 25 3
33 26 3
33 27 3
33 28 2
33 29 2
33 30 4
33 31 4
33 32 0
33 33 0
33 34 2
33 35 2
33 36 0
33 37 4
33 38 3
33 39 1
33 40 2
33 41 1
33 42 1
33 43 1
33 44 4
33 45 2
33 46 0
33 47 1
33 48 0
33 49 4
33 50 1
33 51 2
33 52 3
33 53 1
33 54 1
33 55 2
33 56 0
33 57 4
33 58 1
33 59 0
33 60 1
33 61 1
33 62 3
33 63 2
33 64 2
33 65 3
33 66 1
33 67 1
33 68 1
33 69 2
33 70 1
33 71 0
33 72 2
33 73 2
33 74 0
33 75 1
33 76 3
33 77 1
33 78 3
33 79 0
33 80 3
33 81 1
33 82 1
33 83 0
33 84 4
33 85 2
33 86 4
33 87 4
33 88 3
33 89 0
33 90 2
33 91 3
33 92 0
33 93 0
33 94 4
33 95 1
33 96 4
33 97 0
33 98 4
33 99 0
34 0 2
34 1 3
34 2 0
34 3 4
34 4 3
34 5 1
34 6 4
34 7 0
34 8 0
34 9 0
34 10 3
34 11 3
34 12 2
34 13 0
34 14 1
34 15 4
34 16 3
34 17 2
34 18 1
34 19 0
34 20 3
34 21 1
34 22 2
34 23 3
34 24 3
34 25 4
34 26 3
34 27 1
34 28 1
34 29 1
34 30 2
34 31 1
34 32 1
34 33 2
34 34 4
34 35 3
34 36 0
34 37 2
34 38 0
34 39 2
34 40 3
34 41 4
34 42 2
34 43 3
34 44 1
34 45 2
34 46 0
34 47 0
34 48 0
34 49 1
34 50 2
34 51 1
34 52 2
34 53 4
34 54 1
34 55 4
34 56 2
34 57 4
34 58 1
34 59 2
34 60 0
34 61 4
34 62 1
34 63 1
34 64 2
34 65 0
34 66 1
34 67 1
34 68 3
34 69 3
34 70 0
34 71 4
34 72 3
34 73 2
34 74 0
34 75 1
34 76 3
34 77 3
34 78 0
34 79 3
34 80 3
34 81 1
34 82 2
34 83 2
34 84 0
34 85 2
34 86 1
34 87 1
34 88 3
34 89 0
34 90 3
34 91 0
34 92 4
34 93 1
34 94 4
34 95 2
34 96 2
34 97 4
34 98 4
34 99 0
35 0 0
35 1 2
35 2 4
35 3 2
35 4 1
35 5 3
35 6 1
35 7 4
35 8 1
35 9 0
35 10 0
35 11 1
35 12 1
35 13 0
35 14 4
35 15 4
35 16 4
35 17 0
35 18 4
35 19 4
35 20 4
35 21 3
35 22 2
35 23 2
35 24 2
35 25 0
35 26 1
35 27 3
35 28 4
35 29 3
35 30 4
35 31 1
35 32 0
35 33 2
35 34 3
35 35 4
35 36 3
35 37 3
35 38 2
35 39 4
35 40 0
35 41 2
35 42 3
35 43 4
35 44 0
35 45 4
35 46 1
35 47 0
35 48 0
35 49 2
35 50 4
35 51 3
35 52 1
35 53 3
35 54 2
35 55 4
35 56 4
35 57 3
35 58 3
35 59 3
35 60 1
35 61 4
35 62 2
35 63 0
35 64 0
35 65 0
35 66 2
35 67 4
35 68 3
35 69 4
35 70 2
35 71 3
35 72 3
35 73 3
35 74 4
35 75 3
35 76 4
35 77 4
35 78 4
35 79 1
35 80 1
35 81 2
35 82 2
35 83 2
35 84 2
35 85 2
35 86 4
35 87 4
35 88 0
35 89 2
35 90 3
35 91 0
35 92 3
35 93 1
35 94 1
35 95 1
35 96 3
35 97 2
35 98 1
35 99 1
36 0 1
36 1 0
36 2 4
36 3 1
36 4 4
36 5 3
36 6 3
36 7 0
36 8 0
36 9 2
36 10 0
36 11 3
36 12 4
36 13 0
36 14 3
36 15 4
36 16 1
36 17 0
36 18 2
36 19 0
36 20 4
36 21 1
36 22 4
36 23 2
36 24 4
36 25 2
36 26 1
36 27 1
36 28 3
36 29 1
36 30 1
36 31 1
36 32 0
36 33 2
36 34 2
36 35 3
36 36 3
36 37 4
36 38 2
36 39 2
36 40 0
36 41 2
36 42 3
36 43 0
36 44 2
36 45 3
36 46 2
36 47 2
36 48 4
36 49 1
36 50 1
36 51 1
36 52 2
36 53 3
36 54 0
36 55 3
36 56 4
36 57 1
36 58 0
36 59 3
36 60 0
36 61 1
36 62 0
36 63 1
36 64 1
36 65 0
36 66 0
36 67 1
36 68 0
36 69 3
36 70 0
36 71 3
36 72 4
36 73 4
36 74 1
36 75 1
36 76 4
36 77 0
36 78 3
36 79 0
36 80 3
36 81 2
36 82 0
36 83 3
36 84 3
36 85 0
36 86 3
36 87 3
36 88 3
36 89 0
36 90 2
36 91 0
36 92 4
36 93 0
36 94 1
36 95 3
36 96 2
36 97 0
36 98 1
36 99 0
37 0 1
37 1 0
37 2 2
37 3 2
37 4 3
37 5 1
37 6 2
37 7 4
37 8 2
37 9 2
37 10 3
37 11 4
37 12 2
37 13 1
37 14 1
37 15 2
37 16 1
37 17 2
37 18 1
37 19 4
37 20 2
37 21 2
37 22 2
37 23 0
37 24 1
37 25 3
37 26 4
37 27 2
37 28 0
37 29 2
37 30 0
37 31 2
37 32 2
37 33 4
37 34 1
37 35 3
37 36 0
37 37 3
37 38 2
37 39 0
37 40 1
37 41 2
37 42 1
37 43 1
37 44 4
37 45 3
37 46 0
37 47 3
37 48 0
37 49 1
37 50 4
37 51 0
37 52 3
37 53 3
37 54 3
37 55 4
37 56 4
37 57 0
37 58 0
37 59 2
37 60 2
37 61 0
37 62 1
37 63 1
37 64 0
37 65 4
37 66 3
37 67 3
37 68 0
37 69 4
37 70 4
37 71 2
37 72 0
37 73 4
37 74 0
37 75 1
37 76 4
37 77 3
37 78 4
37 79 2
37 80 1
37 81 0
37 82 0
37 83 2
37 84 1
37 85 1
37 86 0
37 87 2
37 88 4
37 89 0
37 90 2
37 91 2
37 92 1
37 93 1
37 94 3
37 95 3
37 96 3
37 97 2
37 98 1
37 99 3
38 0 0
38 1 0
38 2 2
38 3 3
38 4 3
38 5 0
38 6 4
38 7 2
38 8 1
38 9 2
38 10 3
38 11 4
38 12 4
38 13 0
38 14 1
38 15 1
38 16 3
38 17 4
38 18 0
38 19 4
38 20 2
38 21 1
38 22 2
38 23 0
38 24 1
38 25 4
38 26 1
38 27 3
38 28 2
38 29 3
38 30 3
38 31 2
38 32 4
38 33 4
38 34 4
38 35 3
38 36 1
38 37 0
38 38 3
38 39 0
38 40 0
38 41 4
38 42 1
38 43 4
38 44 2
38 45 1
38 46 2
38 47 1
38 48 4
38 49 1
38 50 1
38 51 3
38 52 3
38 53 3
38 54 4
38 55 4
38 56 1
38 57 2
38 58 2
38 59 0
38 60 2
38 61 1
38 62 1
38 63 1
38 64 4
38 65 4
38 66 1
38 67 3
38 68 1
38 69 3
38 70 2
38 71 3
38 72 2
38 73 1
38 74 0
38 75 4
38 76 0
38 77 2
38 78 1
38 79 3
38 80 0
38 81 4
38 82 2
38 83 0
38 84 4
38 85 0
38 86 3
38 87 3
38 88 3
38 89 0
38 90 4
38 91 0
38 92 4
38 93 3
38 94 2
38 95 4
38 96 4
38 97 0
38 98 2
38 99 3
39 0 4
39 1 1
39 2 4
39 3 4
39 4 3
39 5 1
39 6 3
39 7 3
39 8 3
39 9 0
39 10 0
39 11 1
39 12 4
39 13 3
39 14 3
39 15 0
39 16 0
39 17 1
39 18 1
39 19 0
39 20 0
39 21 3
39 22 0
39 23 0
39 24 0
39 25 0
39 26 1
39 27 3
39 28 3
39 29 0
39 30 4
39 31 3
39 32 2
39 33 2
39 34 0
39 35 4
39 36 3
39 37 1
39 38 2
39 39 1
39 40 4
39 41 0
39 42 4
39 43 3
39 44 4
39 45 1
39 46 4
39 47 1
39 48 2
39 49 1
39 50 4
39 51 0
39 52 1
39 53 2
39 54 1
39 55 4
39 56 4
39 57 1
39 58 1
39 59 0
39 60 4
39 61 0
39 62 2
39 63 4
39 64 1
39 65 2
39 66 0
39 67 4
39 68 4
39 69 4
39 70 4
39 71 3
39 72 0
39 73 4
39 74 2
39 75 2
39 76 2
39 77 3
39 78 1
39 79 2
39 80 3
39 81 3
39 82 3
39 83 0
39 84 0
39 85 1
39 86 4
39 87 2
39 88 2
39 89 4
39 90 3
39 91 4
39 92 2
39 93 3
39 94 3
39 95 3
39 96 3
39 97 4
39 98 0
39 99 0
40 0 1
40 1 2
40 2 0
40 3 4
40 4 1
40 5 0
40 6 1
40 7 0
40 8 3
40 9 4
40 10 2
40 11 2
40 12 2
40 13 3
40 14 0
40 15 2
40 16 3
40 17 2
40 18 2
40 19 3
40 20 2
40 21 3
40 22 3
40 23 0
40 24 4
40 25 3
40 26 1
40 27 0
40 28 4
40 29 3
40 30 1
40 31 2
40 32 4
40 33 0
40 34 4
40 35 0
40 36 3
40 37 0
40 38 1
40 39 2
40 40 1
40 41 2
40 42 4
40 43 4
40 44 0
40 45 1
40 46 4
40 47 3
40 48 1
40 49 3
40 50 2
40 51 2
40 52 3
40 53 4
40 54 1
40 55 1
40 56 4
40 57 2
40 58 4
40 59 0
40 60 1
40 61 1
40 62 4
40 63 0
40 64 4
40 65 0
40 66 0
40 67 4
40 68 3
40 69 4
40 70 0
40 71 2
40 72 4
40 73 4
40 74 4
40 75 3
40 76 1
40 77 0
40 78 4
40 79 0
40 80 3
40 81 2
40 82 4
40 83 3
40 84 4
40 85 1
40 86 4
40 87 3
40 88 0
40 89 1
40 90 3
40 91 0
40 92 2
40 93 4
40 94 3
40 95 2
40 96 1
40 97 0
40 98 4
40 99 3
41 0 4
41 1 1
41 2 3
41 3 2
41 4 1
41 5 2
41 6 2
41 7 2
41 8 3
41 9 0
41 10 0
41 11 4
41 12 4
41 13 4
41 14 0
41 15 2
41 16 3
41 17 4
41 18 3
41 19 2
41 20 3
41 21 2
41 22 1
41 23 4
41 24 4
41 25 2
41 26 1
41 27 4
41 28 0
41 29 4
41 30 3
41 31 2
41 32 1
41 33 3
41 34 4
41 35 3
41 36 1
41 37 4
41 38 3
41 39 1
41 40 0
41 41 1
41 42 0
41 43 0
41 44 2
41 45 2
41 46 4
41 47 2
41 48 1
41 49 4
41 50 3
41 51 2
41 52 3
41 53 3
41 54 2
41 55 1
41 56 4
41 57 2
41 58 4
41 59 0
41 60 1
41 61 1
41 62 2
41 63 2
41 64 4
41 65 1
41 66 4
41 67 1
41 68 0
41 69 1
41 70 0
41 71 4
41 72 1
41 73 3
41 74 1
41 75 4
41 76 1
41 77 3
41 78 1
41 79 2
41 80 0
41 81 0
41 82 1
41 83 4
41 84 0
41 85 2
41 86 1
41 87 2
41 88 4
41 89 4
41 90 4
41 91 1
41 92 2
41 93 2
41 94 0
41 95 4
41 96 0
41 97 2
41 98 2
41 99 1
42 0 4
42 1 0
42 2 4
42 3 3
42 4 3
42 5 1
42 6 3
42 7 3
42 8 2
42 9 1
42 10 3
42 11 4
42 12 4
42 13 0
42 14 2
42 15 3
42 16 2
42 17 4
42 18 3
42 19 2
42 20 4
42 21 3
42 22 3
42 23 4
42 24 4
42 25 2
42 26 0
42 27 4
42 28 3
42 29 4
42 30 2
42 31 4
42 32 1
42 33 4
42 34 1
42 35 3
42 36 3
42 37 0
42 38 4
42 39 3
42 40 1
42 41 4
42 42 4
42 43 3
42 44 2
42 45 1
42 46 1
42 47 4
42 48 4
42 49 0
42 50 0
42 51 3
42 52 0
42 53 0
42 54 1
42 55 4
42 56 1
42 57 3
42 58 2
42 59 1
42 60 0
42 61 3
42 62 4
42 63 4
42 64 4
42 65 4
42 66 2
42 67 3
42 68 4
42 69 0
42 70 4
42 71 1
42 72 2
42 73 1
42 74 3
42 75 3
42 76 3
42 77 2
42 78 2
42 79 2
42 80 3
42 81 2
42 82 2
42 83 4
42 84 2
42 85 4
42 86 0
42 87 0
42 88 1
42 89 1
42 90 0
42 91 4
42 92 1
42 93 4
42 94 3
42 95 1
42 96 4
42 97 3
42 98 4
42 99 1
43 0 4
43 1 2
43 2 3
43 3 4
43 4 2
43 5 3
43 6 0
43 7 2
43 8 2
43 9 0
43 10 0
43 11 3
43 12 0
43 13 3
43 14 1
43 15 2
43 16 2
43 17 0
43 18 2
43 19 1
43 20 1
43 21 3
43 22 4
43 23 2
43 24 4
43 25 3
43 26 4
43 27 3
43 28 2
43 29 0
43 30 4
43 31 1
43 32 3
43 33 3
43 34 0
43 35 1
43 36 4
43 37 3
43 38 1
43 39 3
43 40 4
43 41 3
43 42 2
43 43 4
43 44 1
43 45 4
43 46 1
43 47 3
43 48 3
43 49 3
43 50 3
43 51 4
43 52 2
43 53 0
43 54 2
43 55 2
43 56 3
43 57 1
43 58 0
43 59 1
43 60 1
43 61 3
43 62 2
43 63 2
43 64 2
43 65 2
43 66 2
43 67 1
43 68 4
43 69 3
43 70 1
43 71 3
43 72 4
43 73 1
43 74 3
43 75 4
43 76 4
43 77 0
43 78 1
43 79 3
43 80 1
43 81 3
43 82 0
43 83 1
43 84 4
43 85 1
43 86 2
43 87 3
43 88 3
43 89 1
43 90 2
43 91 1
43 92 2
43 93 3
43 94 0
43 95 1
43 96 1
43 97 3
43 98 1
43 99 3
44 0 2
44 1 4
44 2 3
44 3 4
44 4 1
44 5 3
44 6 1
44 7 3
44 8 3
44 9 4
44 10 1
44 11 3
44 12 4
44 13 1
44 14 0
44 15 4
44 16 2
44 17 4
44 18 1
44 19 1
44 20 2
44 21 3
44 22 4
44 23 3
44 24 2
44 25 0
44 26 3
44 27 2
44 28 2
44 29 4
44 30 0
44 31 1
44 32 1
44 33 1
44 34 0
44 35 0
44 36 4
44 37 1
44 38 0
44 39 2
44 40 1
44 41 1
44 42 1
44 43 1
44 44 1
44 45 3
44 46 0
44 47 4
44 48 1
44 49 0
44 50 1
44 51 4
44 52 2
44 53 4
44 54 4
44 55 3
44 56 4
44 57 3
44 58 0
44 59 2
44 60 2
44 61 4
44 62 2
44 63 1
44 64 2
44 65 2
44 66 4
44 67 4
44 68 0
44 69 4
44 70 1
44 71 3
44 72 4
44 73 1
44 74 0
44 75 4
44 76 4
44 77 4
44 78 1
44 79 4
44 80 4
44 81 4
44 82 2
44 83 0
44 84 3
44 85 0
44 86 1
44 87 0
44 88 1
44 89 1
44 90 1
44 91 2
44 92 1
44 93 0
44 94 0
44 95 1
44 96 0
44 97 0
44 98 0
44 99 2
45 0 3
45 1 0
45 2 3
45 3 0
45 4 0
45 5 0
45 6 0
45 7 4
45 8 4
45 9 4
45 10 1
45 11 0
45 12 2
45 13 0
45 14 0
45 15 3
45 16 4
45 17 2
45 18 2
45 19 4
45 20 2
45 21 0
45 22 0
45 23 2
45 24 1
45 25 0
45 26 3
45 27 1
45 28 2
45 29 0
45 30 2
45 31 1
45 32 1
45 33 3
45 34 4
45 35 2
45 36 0
45 37 2
45 38 3
45 39 1
45 40 1
45 41 4
45 42 2
45 43 0
45 44 0
45 45 4
45 46 1
45 47 0
45 48 0
45 49 0
45 50 1
45 51 1
45 52 2
45 53 3
45 54 2
45 55 3
45 56 3
45 57 2
45 58 4
45 59 0
45 60 4
45 61 0
45 62 0
45 63 1
45 64 4
45 65 1
45 66 1
45 67 2
45 68 3
45 69 0
45 70 0
45 71 2
45 72 4
45 73 1
45 74 3
45 75 4
45 76 1
45 77 2
45 78 0
45 79 4
45 80 0
45 81 2
45 82 2
45 83 0
45 84 1
45 85 1
45 86 1
45 87 4
45 88 3
45 89 1
45 90 1
45 91 1
45 92 0
45 93 0
45 94 4
45 95 0
45 96 3
45 97 2
45 98 3
45 99 4
46 0 2
46 1 1
46 2 4
46 3 1
46 4 2
46 5 0
46 6 2
46 7 3
46 8 4
46 9 4
46 10 4
46 11 1
46 12 2
46 13 2
46 14 4
46 15 3
46 16 4
46 17 4
46 18 0
46 19 3
46 20 3
46 21 4
46 22 0
46 23 1
46 24 2
46 25 4
46 26 2
46 27 4
46 28 2
46 29 3
46 30 3
46 31 2
46 32 2
46 33 3
46 34 3
46 35 0
46 36 1
46 37 0
46 38 4
46 39 0
46 40 2
46 41 0
46 42 3
46 43 2
46 44 4
46 45 3
46 46 3
46 47 2
46 48 2
46 49 4
46 50 1
46 51 4
46 52 1
46 53 0
46 54 3
46 55 2
46 56 0
46 57 0
46 58 1
46 59 1
46 60 1
46 61 1
46 62 0
46 63 1
46 64 3
46 65 1
46 66 1
46 67 2
46 68 4
46 69 0
46 70 0
46 71 0
46 72 2
46 73 2
46 74 3
46 75 2
46 76 4
46 77 2
46 78 4
46 79 0
46 80 4
46 81 1
46 82 0
46 83 0
46 84 0
46 85 2
46 86 4
46 87 0
46 88 1
46 89 2
46 90 3
46 91 3
46 92 2
46 93 2
46 94 3
46 95 1
46 96 3
46 97 4
46 98 3
46 99 2
47 0 4
47 1 2
47 2 2
47 3 3
47 4 3
47 5 2
47 6 1
47 7 0
47 8 4
47 9 2
47 10 3
47 11 1
47 12 2
47 13 2
47 14 3
47 15 1
47 16 1
47 17 2
47 18 4
47 19 2
47 20 2
47 21 0
47 22 1
47 23 4
47 24 4
47 25 4
47 26 2
47 27 4
47 28 2
47 29 0
47 30 4
47 31 4
47 32 1
47 33 2
47 34 1
47 35 3
47 36 0
47 37 4
47 38 2
47 39 0
47 40 0
47 41 3
47 42 4
47 43 2
47 44 0
47 45 1
47 46 0
47 47 4
47 48 3
47 49 3
47 50 4
47 51 4
47 52 2
47 53 2
47 54 3
47 55 1
47 56 0
47 57 3
47 58 4
47 59 4
47 60 2
47 61 0
47 62 2
47 63 4
47 64 2
47 65 1
47 66 2
47 67 3
47 68 1
47 69 1
47 70 3
47 71 1
47 72 2
47 73 4
47 74 1
47 75 3
47 76 3
47 77 2
47 78 4
47 79 4
47 80 3
47 81 4
47 82 1
47 83 3
47 84 4
47 85 2
47 86 1
47 87 4
47 88 0
47 89 3
47 90 0
47 91 4
47 92 0
47 93 1
47 94 0
47 95 0
47 96 3
47 97 1
47 98 4
47 99 3
48 0 4
48 1 3
48 2 0
48 3 0
48 4 1
48 5 1
48 6 0
48 7 3
48 8 4
48 9 2
48 10 4
48 11 2
48 12 3
48 13 0
48 14 2
48 15 4
48 16 2
48 17 4
48 18 0
48 19 4
48 20 0
48 21 3
48 22 2
48 23 0
48 24 2
48 25 1
48 26 1
48 27 1
48 28 0
48 29 1
48 30 1
48 31 0
48 32 0
48 33 3
48 34 2
48 35 4
48 36 1
48 37 2
48 38 0
48 39 3
48 40 4
48 41 3
48 42 1
48 43 0
48 44 4
48 45 0
48 46 4
48 47 4
48 48 1
48 49 4
48 50 3
48 51 4
48 52 0
48 53 0
48 54 1
48 55 2
48 56 2
48 57 2
48 58 2
48 59 4
48 60 0
48 61 0
48 62 4
48 63 4
48 64 2
48 65 1
48 66 0
48 67 3
48 68 0
48 69 1
48 70 1
48 71 1
48 72 0
48 73 4
48 74 2
48 75 0
48 76 2
48 77 4
48 78 1
48 79 3
48 80 2
48 81 2
48 82 2
48 83 3
48 84 3
48 85 4
48 86 3
48 87 0
48 88 1
48 89 4
48 90 4
48 91 4
48 92 1
48 93 2
48 94 4
48 95 1
48 96 2
48 97 2
48 98 1
48 99 2
49 0 0
49 1 0
49 2 4
49 3 1
49 4 0
49 5 4
49 6 0
49 7 2
49 8 0
49 9 2
49 10 4
49 11 3
49 12 3
49 13 1
49 14 1
49 15 1
49 16 2
49 17 4
49 18 2
49 19 1
49 20 1
49 21 4
49 22 3
49 23 4
49 24 3
49 25 4
49 26 1
49 27 0
49 28 2
49 29 3
49 30 4
49 31 3
49 32 3
49 33 1
49 34 2
49 35 2
49 36 4
49 37 2
49 38 1
49 39 3
49 40 0
49 41 0
49 42 4
49 43 4
49 44 0
49 45 1
49 46 4
49 47 1
49 48 2
49 49 0
49 50 3
49 51 1
49 52 0
49 53 4
49 54 2
49 55 1
49 56 3
49 57 2
49 58 1
49 59 3
49 60 0
49 61 3
49 62 0
49 63 2
49 64 2
49 65 0
49 66 1
49 67 0
49 68 4
49 69 1
49 70 0
49 71 0
49 72 4
49 73 0
49 74 4
49 75 2
49 76 0
49 77 2
49 78 3
49 79 4
49 80 1
49 81 2
49 82 1
49 83 0
49 84 3
49 85 0
49 86 1
49 87 1
49 88 0
49 89 2
49 90 0
49 91 2
49 92 0
49 93 1
49 94 3
49 95 0
49 96 0
49 97 4
49 98 2
49 99 3
50 0 4
50 1 4
50 2 0
50 3 4
50 4 0
50 5 1
50 6 0
50 7 3
50 8 1
50 9 0
50 10 2
50 11 1
50 12 0
50 13 3
50 14 4
50 15 4
50 16 2
50 17 4
50 18 1
50 19 2
50 20 4
50 21 2
50 22 3
50 23 2
50 24 0
50 25 1
50 26 4
50 27 3
50 28 1
50 29 3
50 30 0
50 31 3
50 32 2
50 33 0
50 34 2
50 35 0
50 36 1
50 37 2
50 38 4
50 39 1
50 40 0
50 41 2
50 42 2
50 43 4
50 44 2
50 45 3
50 46 2
50 47 1
50 48 4
50 49 3
50 50 1
50 51 4
50 52 4
50 53 2
50 54 4
50 55 4
50 56 2
50 57 2
50 58 0
50 59 0
50 60 2
50 61 1
50 62 0
50 63 0
50 64 3
50 65 1
50 66 2
50 67 1
50 68 4
50 69 0
50 70 4
50 71 1
50 72 0
50 73 1
50 74 3
50 75 0
50 76 3
50 77 0
50 78 2
50 79 0
50 80 3
50 81 0
50 82 4
50 83 0
50 84 0
50 85 2
50 86 0
50 87 4
50 88 1
50 89 1
50 90 4
50 91 4
50 92 2
50 93 1
50 94 3
50 95 0
50 96 2
50 97 1
50 98 2
50 99 3
51 0 4
51 1 3
51 2 1
51 3 2
51 4 3
51 5 3
51 6 1
51 7 0
51 8 1
51 9 2
51 10 0
51 11 2
51 12 3
51 13 0
51 14 0
51 15 1
51 16 0
51 17 2
51 18 2
51 19 4
51 20 1
51 21 2
51 22 3
51 23 2
51 24 2
51 25 3
51 26 4
51 27 0
51 28 0
51 29 2
51 30 3
51 31 2
51 32 3
51 33 1
51 34 1
51 35 4
51 36 4
51 37 2
51 38 2
51 39 4
51 40 4
51 41 0
51 42 0
51 43 0
51 44 1
51 45 1
51 46 2
51 47 3
51 48 3
51 49 0
51 50 4
51 51 2
51 52 2
51 53 3
51 54 4
51 55 4
51 56 0
51 57 3
51 58 1
51 59 4
51 60 4
51 61 2
51 62 0
51 63 2
51 64 2
51 65 1
51 66 3
51 67 1
51 68 1
51 69 4
51 70 1
51 71 1
51 72 0
51 73 2
51 74 4
51 75 4
51 76 3
51 77 2
51 78 2
51 79 4
51 80 3
51 81 3
51 82 0
51 83 3
51 84 0
51 85 0
51 86 0
51 87 1
51 88 3
51 89 1
51 90 3
51 91 1
51 92 2
51 93 1
51 94 3
51 95 3
51 96 4
51 97 2
51 98 1
51 99 1
52 0 1
52 1 1
52 2 4
52 3 4
52 4 1
52 5 0
52 6 4
52 7 0
52 8 4
52 9 3
52 10 2
52 11 3
52 12 4
52 13 2
52 14 2
52 15 0
52 16 0
52 17 2
52 18 4
52 19 2
52 20 0
52 21 1
52 22 3
52 23 0
52 24 2
52 25 4
52 26 4
52 27 1
52 28 1
52 29 3
52 30 2
52 31 3
52 32 1
52 33 3
52 34 0
52 35 4
52 36 2
52 37 0
52 38 2
52 39 2
52 40 1
52 41 1
52 42 4
52 43 2
52 44 2
52 45 3
52 46 3
52 47 4
52 48 0
52 49 2
52 50 1
52 51 3
52 52 2
52 53 0
52 54 4
52 55 3
52 56 1
52 57 3
52 58 4
52 59 3
52 60 3
52 61 3
52 62 4
52 63 0
52 64 1
52 65 0
52 66 2
52 67 1
52 68 2
52 69 4
52 70 0
52 71 0
52 72 2
52 73 4
52 74 4
52 75 2
52 76 1
52 77 4
52 78 1
52 79 1
52 80 2
52 81 4
52 82 0
52 83 3
52 84 4
52 85 4
52 86 4
52 87 1
52 88 1
52 89 3
52 90 2
52 91 0
52 92 4
52 93 3
52 94 4
52 95 4
52 96 2
52 97 3
52 98 2
52 99 4
53 0 2
53 1 0
53 2 2
53 3 0
53 4 0
53 5 0
53 6 1
53 7 3
53 8 0
53 9 1
53 10 4
53 11 0
53 12 0
53 13 2
53 14 3
53 15 4
53 16 1
53 17 0
53 18 2
53 19 2
53 20 2
53 21 1
53 22 3
53 23 0
53 24 4
53 25 4
53 26 2
53 27 3
53 28 1
53 29 4
53 30 3
53 31 1
53 32 2
53 33 4
53 34 3
53 35 0
53 36 2
53 37 3
53 38 2
53 39 2
53 40 4
53 41 3
53 42 2
53 43 4
53 44 0
53 45 1
53 46 3
53 47 4
53 48 4
53 49 0
53 50 0
53 51 1
53 52 3
53 53 3
53 54 1
53 55 1
53 56 0
53 57 0
53 58 2
53 59 1
53 60 1
53 61 3
53 62 1
53 63 1
53 64 3
53 65 2
53 66 4
53 67 0
53 68 0
53 69 2
53 70 4
53 71 0
53 72 4
53 73 2
53 74 0
53 75 0
53 76 4
53 77 1
53 78 4
53 79 3
53 80 4
53 81 2
53 82 0
53 83 2
53 84 3
53 85 0
53 86 1
53 87 0
53 88 1
53 89 3
53 90 0
53 91 0
53 92 1
53 93 2
53 94 3
53 95 2
53 96 4
53 97 0
53 98 1
53 99 3
54 0 4
54 1 2
54 2 4
54 3 3
54 4 3
54 5 3
54 6 0
54 7 2
54 8 0
54 9 2
54 10 3
54 11 2
54 12 1
54 13 0
54 14 1
54 15 0
54 16 2
54 17 2
54 18 2
54 19 2
54 20 2
54 21 1
54 22 4
54 23 2
54 24 2
54 25 4
54 26 4
54 27 2
54 28 3
54 29 3
54 30 2
54 31 3
54 32 3
54 33 4
54 34 3
54 35 1
54 36 4
54 37 2
54 38 3
54 39 4
54 40 4
54 41 4
54 42 4
54 43 2
54 44 3
54 45 3
54 46 1
54 47 2
54 48 0
54 49 2
54 50 4
54 51 3
54 52 4
54 53 1
54 54 1
54 55 3
54 56 1
54 57 4
54 58 3
54 59 2
54 60 3
54 61 0
54 62 0
54 63 3
54 64 0
54 65 2
54 66 2
54 67 1
54 68 2
54 69 3
54 70 4
54 71 2
54 72 0
54 73 0
54 74 2
54 75 4
54 76 1
54 77 3
54 78 2
54 79 0
54 80 0
54 81 4
54 82 4
54 83 2
54 84 0
54 85 4
54 86 0
54 87 0
54 88 2
54 89 2
54 90 3
54 91 4
54 92 2
54 93 2
54 94 1
54 95 1
54 96 0
54 97 4
54 98 1
54 99 2
55 0 1
55 1 1
55 2 3
55 3 4
55 4 0
55 5 3
55 6 2
55 7 0
55 8 4
55 9 0
55 10 3
55 11 3
55 12 0
55 13 3
55 14 1
55 15 0
55 16 3
55 17 2
55 18 2
55 19 3
55 20 2
55 21 1
55 22 1
55 23 4
55 24 4
55 25 3
55 26 4
55 27 2
55 28 3
55 29 0
55 30 2
55 31 4
55 32 2
55 33 0
55 34 3
55 35 2
55 36 4
55 37 2
55 38 0
55 39 3
55 40 3
55 41 0
55 42 3
55 43 4
55 44 0
55 45 4
55 46 1
55 47 3
55 48 1
55 49 1
55 50 1
55 51 2
55 52 3
55 53 0
55 54 1
55 55 3
55 56 3
55 57 0
55 58 3
55 59 0
55 60 1
55 61 1
55 62 0
55 63 1
55 64 4
55 65 3
55 66 1
55 67 3
55 68 3
55 69 2
55 70 4
55 71 2
55 72 4
55 73 2
55 74 4
55 75 0
55 76 0
55 77 3
55 78 1
55 79 4
55 80 2
55 81 0
55 82 3
55 83 2
55 84 4
55 85 0
55 86 0
55 87 1
55 88 2
55 89 3
55 90 1
55 91 3
55 92 1
55 93 4
55 94 0
55 95 1
55 96 3
55 97 4
55 98 0
55 99 1
56 0 4
56 1 0
56 2 3
56 3 0
56 4 0
56 5 4
56 6 2
56 7 1
56 8 1
56 9 2
56 10 0
56 11 0
56 12 2
56 13 0
56 14 2
56 15 4
56 16 1
56 17 2
56 18 4
56 19 0
56 20 4
56 21 1
56 22 4
56 23 1
56 24 2
56 25 3
56 26 0
56 27 1
56 28 0
56 29 4
56 30 0
56 31 1
56 32 0
56 33 2
56 34 0
56 35 2
56 36 2
56 37 0
56 38 3
56 39 2
56 40 0
56 41 2
56 42 4
56 43 4
56 44 0
56 45 1
56 46 4
56 47 4
56 48 4
56 49 1
56 50 2
56 51 2
56 52 0
56 53 0
56 54 4
56 55 0
56 56 4
56 57 2
56 58 2
56 59 0
56 60 1
56 61 2
56 62 2
56 63 3
56 64 3
56 65 3
56 66 3
56 67 3
56 68 0
56 69 4
56 70 4
56 71 0
56 72 2
56 73 0
56 74 0
56 75 4
56 76 3
56 77 2
56 78 4
56 79 3
56 80 2
56 81 3
56 82 3
56 83 3
56 84 4
56 85 2
56 86 2
56 87 2
56 88 1
56 89 1
56 90 3
56 91 3
56 92 4
56 93 2
56 94 0
56 95 2
56 96 3
56 97 2
56 98 3
56 99 2
57 0 3
57 1 3
57 2 1
57 3 0
57 4 3
57 5 4
57 6 3
57 7 2
57 8 4
57 9 2
57 10 3
57 11 2
57 12 0
57 13 2
57 14 1
57 15 1
57 16 3
57 17 2
57 18 2
57 19 2
57 20 4
57 21 3
57 22 2
57 23 3
57 24 1
57 25 2
57 26 1
57 27 4
57 28 0
57 29 2
57 30 1
57 31 3
57 32 3
57 33 4
57 34 2
57 35 3
57 36 3
57 37 4
57 38 4
57 39 0
57 40 1
57 41 0
57 42 1
57 43 2
57 44 2
57 45 1
57 46 2
57 47 2
57 48 2
57 49 4
57 50 2
57 51 2
57 52 2
57 53 3
57 54 1
57 55 4
57 56 2
57 57 0
57 58 0
57 59 2
57 60 2
57 61 4
57 62 3
57 63 3
57 64 1
57 65 3
57 66 2
57 67 0
57 68 4
57 69 4
57 70 2
57 71 3
57 72 1
57 73 4
57 74 3
57 75 0
57 76 0
57 77 4
57 78 1
57 79 2
57 80 0
57 81 0
57 82 4
57 83 2
57 84 3
57 85 4
57 86 1
57 87 4
57 88 1
57 89 1
57 90 0
57 91 2
57 92 1
57 93 3
57 94 1
57 95 3
57 96 2
57 97 0
57 98 3
57 99 4
58 0 2
58 1 1
58 2 1
58 3 3
58 4 1
58 5 3
58 6 3
58 7 0
58 8 0
58 9 3
58 10 3
58 11 3
58 12 0
58 13 3
58 14 2
58 15 0
58 16 4
58 17 0
58 18 1
58 19 3
58 20 4
58 21 1
58 22 4
58 23 2
58 24 0
58 25 1
58 26 0
58 27 2
58 28 2
58 29 1
58 30 3
58 31 1
58 32 2
58 33 2
58 34 2
58 35 3
58 36 1
58 37 2
58 38 3
58 39 4
58 40 1
58 41 4
58 42 2
58 43 2
58 44 2
58 45 2
58 46 2
58 47 2
58 48 0
58 49 0
58 50 0
58 51 2
58 52 2
58 53 0
58 54 1
58 55 1
58 56 1
58 57 1
58 58 0
58 59 2
58 60 0
58 61 0
58 62 1
58 63 2
58 64 0
58 65 4
58 66 1
58 67 3
58 68 4
58 69 4
58 70 2
58 71 4
58 72 0
58 73 0
58 74 1
58 75 3
58 76 0
58 77 3
58 78 3
58 79 3
58 80 0
58 81 4
58 82 3
58 83 4
58 84 1
58 85 0
58 86 2
58 87 0
58 88 2
58 89 0
58 90 3
58 91 1
58 92 3
58 93 0
58 94 2
58 95 4
58 96 1
58 97 2
58 98 1
58 99 0
59 0 0
59 1 2
59 2 1
59 3 4
59 4 1
59 5 3
59 6 3
59 7 1
59 8 3
59 9 3
59 10 3
59 11 1
59 12 0
59 13 1
59 14 0
59 15 2
59 16 1
59 17 2
59 18 1
59 19 3
59 20 1
59 21 4
59 22 1
59 23 3
59 24 3
59 25 4
59 26 2
59 27 1
59 28 3
59 29 0
59 30 4
59 31 1
59 32 2
59 33 0
59 34 1
59 35 0
59 36 2
59 37 1
59 38 3
59 39 0
59 40 0
59 41 1
59 42 3
59 43 2
59 44 2
59 45 2
59 46 3
59 47 1
59 48 0
59 49 4
59 50 4
59 51 1
59 52 1
59 53 3
59 54 2
59 55 1
59 56 2
59 57 4
59 58 3
59 59 3
59 60 0
59 61 4
59 62 3
59 63 4
59 64 1
59 65 4
59 66 4
59 67 4
59 68 2
59 69 4
59 70 0
59 71 1
59 72 0
59 73 0
59 74 1
59 75 1
59 76 2
59 77 2
59 78 3
59 79 2
59 80 2
59 81 4
59 82 2
59 83 4
59 84 3
59 85 4
59 86 4
59 87 0
59 88 4
59 89 2
59 90 3
59 91 1
59 92 0
59 93 3
59 94 0
59 95 4
59 96 1
59 97 3
59 98 0
59 99 2
60 0 4
60 1 1
60 2 3
60 3 0
60 4 3
60 5 4
60 6 1
60 7 0
60 8 0
60 9 3
60 10 4
60 11 2
60 12 1
60 13 4
60 14 3
60 15 1
60 16 4
60 17 3
60 18 1
60 19 2
60 20 1
60 21 1
60 22 2
60 23 3
60 24 4
60 25 0
60 26 2
60 27 4
60 28 4
60 29 2
60 30 3
60 31 2
60 32 4
60 33 2
60 34 0
60 35 0
60 36 0
60 37 2
60 38 2
60 39 3
60 40 1
60 41 4
60 42 0
60 43 1
60 44 2
60 45 2
60 46 1
60 47 0
60 48 1
60 49 0
60 50 0
60 51 0
60 52 3
60 53 2
60 54 4
60 55 1
60 56 4
60 57 0
60 58 3
60 59 2
60 60 0
60 61 4
60 62 4
60 63 1
60 64 3
60 65 4
60 66 1
60 67 4
60 68 1
60 69 2
60 70 0
60 71 4
60 72 1
60 73 0
60 74 1
60 75 0
60 76 3
60 77 2
60 78 2
60 79 2
60 80 3
60 81 0
60 82 0
60 83 1
60 84 4
60 85 3
60 86 3
60 87 0
60 88 2
60 89 0
60 90 1
60 91 3
60 92 2
60 93 4
60 94 1
60 95 4
60 96 1
60 97 2
60 98 0
60 99 2
61 0 3
61 1 3
61 2 1
61 3 4
61 4 4
61 5 3
61 6 1
61 7 2
61 8 1
61 9 0
61 10 3
61 11 1
61 12 1
61 13 2
61 14 0
61 15 3
61 16 1
61 17 0
61 18 2
61 19 4
61 20 1
61 21 4
61 22 0
61 23 1
61 24 2
61 25 2
61 26 0
61 27 3
61 28 4
61 29 1
61 30 3
61 31 4
61 32 3
61 33 2
61 34 4
61 35 4
61 36 0
61 37 2
61 38 3
61 39 3
61 40 4
61 41 1
61 42 1
61 43 1
61 44 4
61 45 2
61 46 1
61 47 3
61 48 2
61 49 3
61 50 2
61 51 4
61 52 3
61 53 4
61 54 4
61 55 0
61 56 0
61 57 3
61 58 0
61 59 0
61 60 1
61 61 1
61 62 4
61 63 0
61 64 0
61 65 2
61 66 2
61 67 4
61 68 3
61 69 0
61 70 3
61 71 1
61 72 1
61 73 1
61 74 2
61 75 2
61 76 1
61 77 4
61 78 1
61 79 2
61 80 4
61 81 1
61 82 1
61 83 0
61 84 4
61 85 3
61 86 4
61 87 0
61 88 3
61 89 0
61 90 4
61 91 0
61 92 4
61 93 4
61 94 4
61 95 2
61 96 0
61 97 4
61 98 1
61 99 2
62 0 2
62 1 4
62 2 0
62 3 4
62 4 1
62 5 0
62 6 0
62 7 4
62 8 0
62 9 0
62 10 3
62 11 4
62 12 0
62 13 3
62 14 2
62 15 1
62 16 2
62 17 0
62 18 4
62 19 1
62 20 2
62 21 0
62 22 1
62 23 2
62 24 1
62 25 4
62 26 2
62 27 1
62 28 1
62 29 0
62 30 4
62 31 4
62 32 1
62 33 0
62 34 3
62 35 4
62 36 4
62 37 3
62 38 1
62 39 3
62 40 3
62 41 4
62 42 3
62 43 4
62 44 2
62 45 1
62 46 2
62 47 4
62 48 4
62 49 2
62 50 1
62 51 3
62 52 0
62 53 1
62 54 2
62 55 2
62 56 2
62 57 1
62 58 2
62 59 4
62 60 4
62 61 4
62 62 3
62 63 1
62 64 0
62 65 0
62 66 4
62 67 2
62 68 4
62 69 3
62 70 2
62 71 0
62 72 2
62 73 2
62 74 3
62 75 3
62 76 4
62 77 3
62 78 0
62 79 3
62 80 0
62 81 1
62 82 4
62 83 2
62 84 2
62 85 2
62 86 0
62 87 3
62 88 1
62 89 3
62 90 2
62 91 4
62 92 4
62 93 3
62 94 4
62 95 1
62 96 1
62 97 0
62 98 0
62 99 4
63 0 4
63 1 1
63 2 4
63 3 3
63 4 1
63 5 1
63 6 1
63 7 4
63 8 2
63 9 1
63 10 3
63 11 0
63 12 0
63 13 4
63 14 2
63 15 3
63 16 1
63 17 4
63 18 4
63 19 4
63 20 2
63 21 0
63 22 4
63 23 2
63 24 1
63 25 4
63 26 1
63 27 4
63 28 1
63 29 1
63 30 0
63 31 1
63 32 0
63 33 2
63 34 3
63 35 4
63 36 3
63 37 1
63 38 0
63 39 0
63 40 2
63 41 4
63 42 2
63 43 0
63 44 2
63 45 4
63 46 1
63 47 0
63 48 3
63 49 2
63 50 0
63 51 2
63 52 1
63 53 3
63 54 1
63 55 0
63 56 2
63 57 4
63 58 1
63 59 2
63 60 4
63 61 4
63 62 1
63 63 1
63 64 1
63 65 1
63 66 1
63 67 1
63 68 3
63 69 2
63 70 0
63 71 3
63 72 1
63 73 4
63 74 2
63 75 3
63 76 4
63 77 3
63 78 3
63 79 0
63 80 0
63 81 3
63 82 1
63 83 3
63 84 3
63 85 3
63 86 2
63 87 0
63 88 0
63 89 2
63 90 0
63 91 3
63 92 3
63 93 0
63 94 1
63 95 4
63 96 0
63 97 0
63 98 3
63 99 4
64 0 3
64 1 4
64 2 0
64 3 1
64 4 4
64 5 3
64 6 0
64 7 3
64 8 4
64 9 1
64 10 3
64 11 3
64 12 2
64 13 3
64 14 1
64 15 2
64 16 1
64 17 3
64 18 2
64 19 0
64 20 2
64 21 2
64 22 3
64 23 3
64 24 0
64 25 2
64 26 2
64 27 0
64 28 4
64 29 2
64 30 1
64 31 2
64 32 3
64 33 2
64 34 4
64 35 4
64 36 3
64 37 1
64 38 2
64 39 4
64 40 4
64 41 1
64 42 4
64 43 1
64 44 3
64 45 2
64 46 2
64 47 4
64 48 1
64 49 4
64 50 2
64 51 4
64 52 4
64 53 3
64 54 0
64 55 4
64 56 1
64 57 1
64 58 1
64 59 0
64 60 1
64 61 3
64 62 3
64 63 4
64 64 3
64 65 2
64 66 0
64 67 4
64 68 4
64 69 1
64 70 3
64 71 0
64 72 4
64 73 1
64 74 4
64 75 4
64 76 1
64 77 1
64 78 4
64 79 4
64 80 1
64 81 0
64 82 1
64 83 1
64 84 3
64 85 4
64 86 2
64 87 4
64 88 3
64 89 2
64 90 0
64 91 2
64 92 2
64 93 3
64 94 4
64 95 4
64 96 4
64 97 3
64 98 0
64 99 2
65 0 2
65 1 3
65 2 2
65 3 3
65 4 3
65 5 4
65 6 0
65 7 0
65 8 2
65 9 4
65 10 1
65 11 1
65 12 4
65 13 1
65 14 3
65 15 0
65 16 3
65 17 1
65 18 4
65 19 3
65 20 0
65 21 3
65 22 2
65 23 3
65 24 4
65 25 0
65 26 0
65 27 1
65 28 4
65 29 4
65 30 0
65 31 1
65 32 4
65 33 0
65 34 2
65 35 4
65 36 2
65 37 3
65 38 4
65 39 0
65 40 3
65 41 3
65 42 4
65 43 3
65 44 2
65 45 1
65 46 0
65 47 2
65 48 0
65 49 4
65 50 1
65 51 0
65 52 0
65 53 3
65 54 2
65 55 0
65 56 2
65 57 0
65 58 4
65 59 2
65 60 3
65 61 2
65 62 1
65 63 1
65 64 1
65 65 3
65 66 2
65 67 1
65 68 3
65 69 2
65 70 1
65 71 1
65 72 4
65 73 1
65 74 3
65 75 0
65 76 4
65 77 1
65 78 0
65 79 0
65 80 0
65 81 4
65 82 1
65 83 0
65 84 0
65 85 1
65 86 4
65 87 1
65 88 1
65 89 3
65 90 3
65 91 3
65 92 4
65 93 0
65 94 2
65 95 2
65 96 4
65 97 4
65 98 3
65 99 0
66 0 0
66 1 4
66 2 0
66 3 1
66 4 3
66 5 3
66 6 0
66 7 2
66 8 3
66 9 3
66 10 1
66 11 2
66 12 1
66 13 2
66 14 3
66 15 4
66 16 3
66 17 2
66 18 2
66 19 2
66 20 4
66 21 4
66 22 0
66 23 0
66 24 1
66 25 0
66 26 1
66 27 3
66 28 0
66 29 1
66 30 2
66 31 3
66 32 3
66 33 2
66 34 4
66 35 1
66 36 1
66 37 0
66 38 3
66 39 1
66 40 0
66 41 3
66 42 3
66 43 0
66 44 1
66 45 2
66 46 2
66 47 2
66 48 4
66 49 3
66 50 4
66 51 2
66 52 1
66 53 2
66 54 4
66 55 4
66 56 3
66 57 2
66 58 3
66 59 0
66 60 0
66 61 3
66 62 3
66 63 1
66 64 1
66 65 3
66 66 2
66 67 3
66 68 0
66 69 2
66 70 0
66 71 3
66 72 1
66 73 2
66 74 1
66 75 3
66 76 4
66 77 4
66 78 3
66 79 2
66 80 2
66 81 0
66 82 0
66 83 1
66 84 4
66 85 4
66 86 1
66 87 3
66 88 3
66 89 0
66 90 2
66 91 1
66 92 2
66 93 4
66 94 1
66 95 1
66 96 4
66 97 3
66 98 0
66 99 3
67 0 3
67 1 3
67 2 0
67 3 2
67 4 0
67 5 0
67 6 2
67 7 0
67 8 3
67 9 0
67 10 4
67 11 4
67 12 4
67 13 3
67 14 4
67 15 4
67 16 2
67 17 0
67 18 2
67 19 3
67 20 0
67 21 1
67 22 3
67 23 4
67 24 3
67 25 0
67 26 2
67 27 1
67 28 0
67 29 0
67 30 1
67 31 2
67 32 4
67 33 2
67 34 0
67 35 1
67 36 0
67 37 0
67 38 1
67 39 3
67 40 1
67 41 4
67 42 0
67 43 4
67 44 1
67 45 0
67 46 4
67 47 0
67 48 3
67 49 3
67 50 3
67 51 2
67 52 2
67 53 0
67 54 1
67 55 1
67 56 1
67 57 4
67 58 3
67 59 4
67 60 2
67 61 2
67 62 3
67 63 0
67 64 2
67 65 3
67 66 3
67 67 4
67 68 4
67 69 2
67 70 4
67 71 1
67 72 0
67 73 2
67 74 1
67 75 2
67 76 0
67 77 3
67 78 4
67 79 4
67 80 2
67 81 4
67 82 0
67 83 1
67 84 3
67 85 2
67 86 0
67 87 0
67 88 1
67 89 4
67 90 1
67 91 0
67 92 3
67 93 4
67 94 0
67 95 1
67 96 2
67 97 0
67 98 2
67 99 2
68 0 3
68 1 0
68 2 0
68 3 4
68 4 2
68 5 1
68 6 1
68 7 4
68 8 1
68 9 0
68 10 1
68 11 4
68 12 2
68 13 4
68 14 3
68 15 2
68 16 1
68 17 2
68 18 1
68 19 0
68 20 4
68 21 2
68 22 1
68 23 4
68 24 2
68 25 2
68 26 0
68 27 1
68 28 0
68 29 3
68 30 4
68 31 2
68 32 4
68 33 4
68 34 0
68 35 1
68 36 0
68 37 0
68 38 3
68 39 0
68 40 1
68 41 3
68 42 0
68 43 3
68 44 3
68 45 1
68 46 1
68 47 4
68 48 1
68 49 4
68 50 3
68 51 0
68 52 0
68 53 4
68 54 2
68 55 3
68 56 4
68 57 1
68 58 0
68 59 0
68 60 2
68 61 0
68 62 2
68 63 1
68 64 1
68 65 4
68 66 2
68 67 4
68 68 4
68 69 0
68 70 3
68 71 3
68 72 2
68 73 1
68 74 1
68 75 3
68 76 4
68 77 4
68 78 3
68 79 4
68 80 2
68 81 0
68 82 4
68 83 1
68 84 4
68 85 3
68 86 2
68 87 4
68 88 4
68 89 0
68 90 4
68 91 1
68 92 0
68 93 2
68 94 1
68 95 1
68 96 1
68 97 0
68 98 0
68 99 2
69 0 1
69 1 3
69 2 2
69 3 2
69 4 2
69 5 0
69 6 0
69 7 2
69 8 1
69 9 1
69 10 3
69 11 1
69 12 1
69 13 4
69 14 2
69 15 1
69 16 0
69 17 2
69 18 2
69 19 4
69 20 4
69 21 3
69 22 0
69 23 2
69 24 0
69 25 2
69 26 3
69 27 0
69 28 4
69 29 3
69 30 2
69 31 0
69 32 1
69 33 2
69 34 3
69 35 2
69 36 0
69 37 1
69 38 3
69 39 3
69 40 4
69 41 4
69 42 2
69 43 1
69 44 0
69 45 2
69 46 0
69 47 2
69 48 4
69 49 2
69 50 2
69 51 1
69 52 2
69 53 0
69 54 4
69 55 4
69 56 3
69 57 4
69 58 2
69 59 2
69 60 0
69 61 3
69 62 0
69 63 0
69 64 4
69 65 4
69 66 3
69 67 1
69 68 0
69 69 3
69 70 1
69 71 2
69 72 3
69 73 2
69 74 0
69 75 4
69 76 1
69 77 3
69 78 2
69 79 0
69 80 0
69 81 3
69 82 0
69 83 0
69 84 2
69 85 4
69 86 1
69 87 2
69 88 0
69 89 4
69 90 2
69 91 3
69 92 3
69 93 2
69 94 0
69 95 1
69 96 1
69 97 2
69 98 0
69 99 2
70 0 3
70 1 2
70 2 2
70 3 0
70 4 3
70 5 3
70 6 1
70 7 3
70 8 4
70 9 3
70 10 1
70 11 0
70 12 0
70 13 3
70 14 2
70 15 2
70 16 2
70 17 3
70 18 0
70 19 1
70 20 4
70 21 2
70 22 4
70 23 4
70 24 0
70 25 2
70 26 0
70 27 3
70 28 0
70 29 0
70 30 3
70 31 0
70 32 4
70 33 0
70 34 1
70 35 4
70 36 2
70 37 0
70 38 1
70 39 3
70 40 0
70 41 2
70 42 1
70 43 3
70 44 0
70 45 3
70 46 4
70 47 3
70 48 4
70 49 2
70 50 0
70 51 0
70 52 1
70 53 2
70 54 4
70 55 3
70 56 1
70 57 1
70 58 2
70 59 0
70 60 3
70 61 1
70 62 1
70 63 2
70 64 2
70 65 1
70 66 4
70 67 4
70 68 1
70 69 3
70 70 1
70 71 4
70 72 0
70 73 4
70 74 1
70 75 1
70 76 0
70 77 3
70 78 0
70 79 0
70 80 4
70 81 1
70 82 0
70 83 3
70 84 4
70 85 2
70 86 4
70 87 0
70 88 1
70 89 4
70 90 3
70 91 0
70 92 0
70 93 3
70 94 2
70 95 1
70 96 3
70 97 4
70 98 2
70 99 0
71 0 4
71 1 4
71 2 2
71 3 4
71 4 0
71 5 1
71 6 1
71 7 3
71 8 3
71 9 4
71 10 3
71 11 3
71 12 0
71 13 1
71 14 1
71 15 0
71 16 3
71 17 2
71 18 3
71 19 1
71 20 4
71 21 0
71 22 3
71 23 4
71 24 1
71 25 2
71 26 3
71 27 4
71 28 2
71 29 2
71 30 0
71 31 1
71 32 0
71 33 4
71 34 3
71 35 1
71 36 0
71 37 3
71 38 2
71 39 1
71 40 2
71 41 3
71 42 4
71 43 3
71 44 2
71 45 1
71 46 3
71 47 0
71 48 4
71 49 1
71 50 0
71 51 4
71 52 1
71 53 3
71 54 3
71 55 0
71 56 1
71 57 1
71 58 0
71 59 0
71 60 1
71 61 0
71 62 3
71 63 2
71 64 3
71 65 2
71 66 1
71 67 0
71 68 2
71 69 0
71 70 0
71 71 2
71 72 2
71 73 2
71 74 1
71 75 3
71 76 4
71 77 1
71 78 2
71 79 2
71 80 4
71 81 0
71 82 0
71 83 1
71 84 1
71 85 0
71 86 4
71 87 3
71 88 1
71 89 4
71 90 2
71 91 4
71 92 0
71 93 0
71 94 2
71 95 4
71 96 1
71 97 0
71 98 4
71 99 4
72 0 4
72 1 0
72 2 3
72 3 3
72 4 0
72 5 4
72 6 0
72 7 1
72 8 2
72 9 0
72 10 1
72 11 4
72 12 3
72 13 3
72 14 1
72 15 0
72 16 4
72 17 1
72 18 2
72 19 2
72 20 3
72 21 2
72 22 3
72 23 2
72 24 1
72 25 4
72 26 3
72 27 1
72 28 1
72 29 4
72 30 0
72 31 2
72 32 0
72 33 4
72 34 1
72 35 3
72 36 4
72 37 4
72 38 0
72 39 2
72 40 2
72 41 4
72 42 4
72 43 1
72 44 1
72 45 4
72 46 4
72 47 0
72 48 1
72 49 3
72 50 1
72 51 3
72 52 4
72 53 2
72 54 0
72 55 1
72 56 4
72 57 3
72 58 0
72 59 0
72 60 3
72 61 1
72 62 1
72 63 2
72 64 4
72 65 4
72 66 1
72 67 2
72 68 4
72 69 2
72 70 4
72 71 1
72 72 1
72 73 4
72 74 0
72 75 3
72 76 3
72 77 2
72 78 0
72 79 1
72 80 0
72 81 4
72 82 2
72 83 4
72 84 4
72 85 4
72 86 1
72 87 3
72 88 4
72 89 1
72 90 0
72 91 1
72 92 0
72 93 2
72 94 2
72 95 4
72 96 2
72 97 0
72 98 2
72 99 1
73 0 4
73 1 1
73 2 1
73 3 3
73 4 0
73 5 3
73 6 0
73 7 2
73 8 3
73 9 2
73 10 3
73 11 0
73 12 1
73 13 1
73 14 1
73 15 0
73 16 4
73 17 3
73 18 1
73 19 0
73 20 2
73 21 3
73 22 3
73 23 2
73 24 2
73 25 2
73 26 2
73 27 0
73 28 2
73 29 1
73 30 2
73 31 2
73 32 0
73 33 1
73 34 0
73 35 1
73 36 4
73 37 0
73 38 2
73 39 1
73 40 4
73 41 0
73 42 0
73 43 2
73 44 2
73 45 3
73 46 4
73 47 4
73 48 3
73 49 3
73 50 2
73 51 1
73 52 0
73 53 1
73 54 1
73 55 4
73 56 0
73 57 3
73 58 3
73 59 3
73 60 2
73 61 4
73 62 2
73 63 2
73 64 4
73 65 0
73 66 0
73 67 0
73 68 0
73 69 0
73 70 1
73 71 1
73 72 1
73 73 2
73 74 2
73 75 1
73 76 2
73 77 2
73 78 0
73 79 1
73 80 0
73 81 4
73 82 1
73 83 0
73 84 2
73 85 4
73 86 0
73 87 0
73 88 4
73 89 0
73 90 3
73 91 1
73 92 1
73 93 1
73 94 0
73 95 2
73 96 0
73 97 1
73 98 0
73 99 1
74 0 4
74 1 2
74 2 0
74 3 2
74 4 0
74 5 4
74 6 4
74 7 2
74 8 3
74 9 3
74 10 4
74 11 0
74 12 3
74 13 2
74 14 4
74 15 2
74 16 0
74 17 4
74 18 0
74 19 3
74 20 4
74 21 2
74 22 4
74 23 2
74 24 1
74 25 4
74 26 4
74 27 4
74 28 0
74 29 3
74 30 4
74 31 0
74 32 2
74 33 4
74 34 1
74 35 2
74 36 0
74 37 2
74 38 2
74 39 2
74 40 2
74 41 4
74 42 2
74 43 0
74 44 2
74 45 3
74 46 1
74 47 0
74 48 3
74 49 3
74 50 1
74 51 1
74 52 3
74 53 0
74 54 3
74 55 1
74 56 2
74 57 1
74 58 3
74 59 2
74 60 2
74 61 3
74 62 3
74 63 3
74 64 0
74 65 0
74 66 2
74 67 2
74 68 2
74 69 2
74 70 4
74 71 0
74 72 2
74 73 3
74 74 0
74 75 0
74 76 1
74 77 3
74 78 4
74 79 2
74 80 2
74 81 2
74 82 3
74 83 3
74 84 0
74 85 0
74 86 4
74 87 2
74 88 4
74 89 4
74 90 4
74 91 4
74 92 0
74 93 3
74 94 4
74 95 2
74 96 3
74 97 1
74 98 1
74 99 2
75 0 0
75 1 2
75 2 3
75 3 4
75 4 4
75 5 4
75 6 4
75 7 1
75 8 2
75 9 2
75 10 3
75 11 1
75 12 3
75 13 0
75 14 0
75 15 1
75 16 0
75 17 1
75 18 3
75 19 3
75 20 4
75 21 3
75 22 1
75 23 4
75 24 3
75 25 4
75 26 3
75 27 4
75 28 2
75 29 0
75 30 4
75 31 1
75 32 2
75 33 3
75 34 3
75 35 0
75 36 4
75 37 2
75 38 0
75 39 3
75 40 2
75 41 1
75 42 4
75 43 3
75 44 4
75 45 3
75 46 3
75 47 0
75 48 4
75 49 2
75 50 0
75 51 0
75 52 4
75 53 0
75 54 1
75 55 4
75 56 3
75 57 1
75 58 3
75 59 3
75 60 4
75 61 1
75 62 1
75 63 2
75 64 2
75 65 2
75 66 0
75 67 2
75 68 4
75 69 1
75 70 1
75 71 2
75 72 2
75 73 1
75 74 4
75 75 0
75 76 2
75 77 0
75 78 3
75 79 1
75 80 0
75 81 1
75 82 2
75 83 1
75 84 0
75 85 0
75 86 4
75 87 4
75 88 3
75 89 4
75 90 3
75 91 3
75 92 0
75 93 1
75 94 0
75 95 0
75 96 4
75 97 2
75 98 3
75 99 0
76 0 2
76 1 1
76 2 0
76 3 2
76 4 3
76 5 4
76 6 3
76 7 2
76 8 4
76 9 0
76 10 2
76 11 3
76 12 1
76 13 0
76 14 3
76 15 4
76 16 4
76 17 0
76 18 4
76 19 4
76 20 2
76 21 4
76 22 1
76 23 3
76 24 3
76 25 3
76 26 1
76 27 2
76 28 1
76 29 1
76 30 1
76 31 4
76 32 2
76 33 1
76 34 1
76 35 0
76 36 2
76 37 4
76 38 4
76 39 2
76 40 3
76 41 4
76 42 0
76 43 0
76 44 3
76 45 3
76 46 2
76 47 4
76 48 2
76 49 2
76 50 0
76 51 2
76 52 0
76 53 3
76 54 4
76 55 3
76 56 4
76 57 1
76 58 1
76 59 0
76 60 1
76 61 3
76 62 1
76 63 4
76 64 0
76 65 4
76 66 4
76 67 4
76 68 2
76 69 0
76 70 4
76 71 0
76 72 4
76 73 0
76 74 0
76 75 4
76 76 0
76 77 0
76 78 0
76 79 2
76 80 4
76 81 4
76 82 3
76 83 0
76 84 4
76 85 4
76 86 0
76 87 1
76 88 3
76 89 2
76 90 4
76 91 4
76 92 0
76 93 2
76 94 1
76 95 0
76 96 1
76 97 0
76 98 2
76 99 1
77 0 3
77 1 0
77 2 4
77 3 1
77 4 3
77 5 0
77 6 2
77 7 4
77 8 1
77 9 3
77 10 4
77 11 4
77 12 1
77 13 3
77 14 3
77 15 3
77 16 0
77 17 1
77 18 0
77 19 3
77 20 1
77 21 3
77 22 3
77 23 1
77 24 0
77 25 1
77 26 4
77 27 4
77 28 4
77 29 2
77 30 4
77 31 3
77 32 4
77 33 2
77 34 3
77 35 4
77 36 1
77 37 3
77 38 0
77 39 2
77 40 1
77 41 4
77 42 0
77 43 0
77 44 2
77 45 4
77 46 4
77 47 2
77 48 2
77 49 1
77 50 4
77 51 1
77 52 2
77 53 2
77 54 0
77 55 2
77 56 1
77 57 0
77 58 0
77 59 4
77 60 0
77 61 1
77 62 0
77 63 2
77 64 3
77 65 4
77 66 2
77 67 0
77 68 3
77 69 3
77 70 2
77 71 3
77 72 2
77 73 2
77 74 1
77 75 4
77 76 0
77 77 4
77 78 2
77 79 3
77 80 4
77 81 3
77 82 3
77 83 0
77 84 2
77 85 1
77 86 2
77 87 4
77 88 2
77 89 3
77 90 4
77 91 1
77 92 3
77 93 0
77 94 1
77 95 0
77 96 4
77 97 3
77 98 0
77 99 0
78 0 0
78 1 4
78 2 0
78 3 2
78 4 0
78 5 0
78 6 1
78 7 4
78 8 4
78 9 0
78 10 4
78 11 3
78 12 0
78 13 1
78 14 3
78 15 4
78 16 0
78 17 2
78 18 2
78 19 2
78 20 3
78 21 1
78 22 2
78 23 0
78 24 4
78 25 3
78 26 4
78 27 2
78 28 0
78 29 0
78 30 4
78 31 3
78 32 2
78 33 2
78 34 3
78 35 4
78 36 0
78 37 1
78 38 2
78 39 0
78 40 2
78 41 1
78 42 2
78 43 1
78 44 0
78 45 2
78 46 3
78 47 1
78 48 1
78 49 4
78 50 3
78 51 3
78 52 4
78 53 4
78 54 4
78 55 0
78 56 2
78 57 1
78 58 2
78 59 4
78 60 4
78 61 0
78 62 4
78 63 2
78 64 0
78 65 0
78 66 4
78 67 2
78 68 4
78 69 2
78 70 3
78 71 1
78 72 4
78 73 3
78 74 3
78 75 4
78 76 3
78 77 3
78 78 1
78 79 3
78 80 3
78 81 3
78 82 0
78 83 4
78 84 2
78 85 4
78 86 0
78 87 3
78 88 4
78 89 4
78 90 0
78 91 0
78 92 0
78 93 2
78 94 4
78 95 3
78 96 3
78 97 1
78 98 3
78 99 1
79 0 0
79 1 2
79 2 2
79 3 3
79 4 4
79 5 2
79 6 1
79 7 0
79 8 0
79 9 4
79 10 4
79 11 4
79 12 3
79 13 2
79 14 0
79 15 0
79 16 4
79 17 4
79 18 1
79 19 3
79 20 3
79 21 4
79 22 4
79 23 3
79 24 4
79 25 3
79 26 2
79 27 3
79 28 3
79 29 4
79 30 0
79 31 0
79 32 4
79 33 0
79 34 3
79 35 1
79 36 4
79 37 0
79 38 4
79 39 0
79 40 0
79 41 0
79 42 0
79 43 4
79 44 4
79 45 4
79 46 1
79 47 1
79 48 2
79 49 0
79 50 1
79 51 0
79 52 2
79 53 4
79 54 1
79 55 2
79 56 1
79 57 0
79 58 2
79 59 1
79 60 3
79 61 3
79 62 3
79 63 0
79 64 4
79 65 1
79 66 4
79 67 0
79 68 4
79 69 0
79 70 2
79 71 2
79 72 2
79 73 0
79 74 3
79 75 1
79 76 1
79 77 0
79 78 0
79 79 1
79 80 3
79 81 1
79 82 0
79 83 0
79 84 4
79 85 1
79 86 3
79 87 4
79 88 4
79 89 0
79 90 0
79 91 3
79 92 2
79 93 1
79 94 3
79 95 1
79 96 0
79 97 3
79 98 1
79 99 4
80 0 3
80 1 3
80 2 4
80 3 0
80 4 1
80 5 0
80 6 4
80 7 4
80 8 3
80 9 3
80 10 2
80 11 3
80 12 1
80 13 2
80 14 4
80 15 2
80 16 3
80 17 3
80 18 3
80 19 4
80 20 2
80 21 1
80 22 2
80 23 0
80 24 1
80 25 3
80 26 0
80 27 0
80 28 2
80 29 4
80 30 3
80 31 0
80 32 2
80 33 2
80 34 0
80 35 1
80 36 4
80 37 3
80 38 3
80 39 1
80 40 1
80 41 0
80 42 4
80 43 3
80 44 4
80 45 0
80 46 1
80 47 2
80 48 0
80 49 1
80 50 3
80 51 4
80 52 4
80 53 3
80 54 1
80 55 1
80 56 3
80 57 0
80 58 1
80 59 0
80 60 4
80 61 2
80 62 2
80 63 3
80 64 3
80 65 1
80 66 4
80 67 2
80 68 1
80 69 3
80 70 2
80 71 0
80 72 4
80 73 0
80 74 4
80 75 4
80 76 0
80 77 0
80 78 3
80 79 1
80 80 0
80 81 4
80 82 0
80 83 3
80 84 3
80 85 0
80 86 0
80 87 0
80 88 0
80 89 0
80 90 3
80 91 1
80 92 3
80 93 1
80 94 1
80 95 1
80 96 2
80 97 0
80 98 0
80 99 2
81 0 4
81 1 1
81 2 3
81 3 3
81 4 0
81 5 0
81 6 0
81 7 1
81 8 1
81 9 3
81 10 0
81 11 2
81 12 2
81 13 4
81 14 1
81 15 0
81 16 0
81 17 1
81 18 1
81 19 3
81 20 2
81 21 3
81 22 4
81 23 2
81 24 2
81 25 3
81 26 1
81 27 3
81 28 3
81 29 4
81 30 0
81 31 0
81 32 0
81 33 3
81 34 2
81 35 1
81 36 4
81 37 0
81 38 3
81 39 2
81 40 4
81 41 2
81 42 4
81 43 1
81 44 2
81 45 1
81 46 3
81 47 3
81 48 0
81 49 2
81 50 0
81 51 1
81 52 1
81 53 4
81 54 4
81 55 1
81 56 0
81 57 4
81 58 2
81 59 0
81 60 3
81 61 4
81 62 2
81 63 2
81 64 2
81 65 4
81 66 1
81 67 1
81 68 3
81 69 3
81 70 0
81 71 3
81 72 4
81 73 0
81 74 2
81 75 1
81 76 0
81 77 1
81 78 2
81 79 1
81 80 0
81 81 1
81 82 3
81 83 3
81 84 0
81 85 3
81 86 2
81 87 1
81 88 4
81 89 3
81 90 4
81 91 4
81 92 3
81 93 1
81 94 1
81 95 2
81 96 4
81 97 2
81 98 3
81 99 4
82 0 2
82 1 3
82 2 1
82 3 4
82 4 2
82 5 3
82 6 0
82 7 4
82 8 4
82 9 4
82 10 3
82 11 4
82 12 4
82 13 4
82 14 1
82 15 1
82 16 0
82 17 2
82 18 4
82 19 3
82 20 1
82 21 3
82 22 1
82 23 2
82 24 0
82 25 3
82 26 3
82 27 1
82 28 4
82 29 3
82 30 2
82 31 1
82 32 0
82 33 4
82 34 2
82 35 3
82 36 0
82 37 3
82 38 1
82 39 1
82 40 3
82 41 2
82 42 1
82 43 1
82 44 0
82 45 2
82 46 2
82 47 2
82 48 2
82 49 3
82 50 1
82 51 1
82 52 0
82 53 4
82 54 1
82 55 2
82 56 3
82 57 3
82 58 4
82 59 0
82 60 4
82 61 2
82 62 3
82 63 2
82 64 3
82 65 0
82 66 3
82 67 2
82 68 0
82 69 2
82 70 2
82 71 3
82 72 4
82 73 0
82 74 0
82 75 2
82 76 2
82 77 2
82 78 0
82 79 1
82 80 3
82 81 0
82 82 4
82 83 2
82 84 2
82 85 0
82 86 3
82 87 3
82 88 1
82 89 2
82 90 1
82 91 1
82 92 0
82 93 2
82 94 1
82 95 1
82 96 3
82 97 1
82 98 4
82 99 1
83 0 4
83 1 4
83 2 2
83 3 2
83 4 3
83 5 0
83 6 3
83 7 2
83 8 1
83 9 2
83 10 4
83 11 4
83 12 0
83 13 3
83 14 4
83 15 4
83 16 0
83 17 3
83 18 2
83 19 3
83 20 0
83 21 3
83 22 0
83 23 1
83 24 3
83 25 1
83 26 3
83 27 4
83 28 2
83 29 4
83 30 1
83 31 1
83 32 0
83 33 2
83 34 1
83 35 3
83 36 1
83 37 2
83 38 1
83 39 4
83 40 4
83 41 1
83 42 4
83 43 2
83 44 4
83 45 0
83 46 1
83 47 2
83 48 1
83 49 1
83 50 0
83 51 2
83 52 3
83 53 2
83 54 1
83 55 3
83 56 4
83 57 0
83 58 4
83 59 2
83 60 2
83 61 2
83 62 0
83 63 1
83 64 2
83 65 3
83 66 3
83 67 1
83 68 1
83 69 3
83 70 0
83 71 1
83 72 3
83 73 3
83 74 1
83 75 2
83 76 0
83 77 4
83 78 4
83 79 4
83 80 1
83 81 2
83 82 4
83 83 3
83 84 4
83 85 4
83 86 1
83 87 2
83 88 4
83 89 0
83 90 1
83 91 1
83 92 2
83 93 2
83 94 1
83 95 2
83 96 0
83 97 2
83 98 4
83 99 1
84 0 3
84 1 3
84 2 4
84 3 1
84 4 4
84 5 2
84 6 4
84 7 2
84 8 2
84 9 4
84 10 3
84 11 1
84 12 2
84 13 3
84 14 0
84 15 1
84 16 4
84 17 0
84 18 3
84 19 0
84 20 1
84 21 1
84 22 4
84 23 1
84 24 4
84 25 3
84 26 4
84 27 2
84 28 3
84 29 0
84 30 1
84 31 1
84 32 2
84 33 4
84 34 4
84 35 0
84 36 2
84 37 2
84 38 0
84 39 1
84 40 1
84 41 3
84 42 4
84 43 3
84 44 4
84 45 2
84 46 4
84 47 0
84 48 2
84 49 0
84 50 4
84 51 2
84 52 2
84 53 2
84 54 2
84 55 3
84 56 2
84 57 0
84 58 3
84 59 2
84 60 2
84 61 0
84 62 4
84 63 3
84 64 2
84 65 0
84 66 0
84 67 0
84 68 4
84 69 4
84 70 0
84 71 1
84 72 3
84 73 0
84 74 3
84 75 1
84 76 3
84 77 3
84 78 0
84 79 4
84 80 1
84 81 4
84 82 4
84 83 3
84 84 0
84 85 1
84 86 0
84 87 2
84 88 3
84 89 4
84 90 1
84 91 1
84 92 3
84 93 0
84 94 3
84 95 3
84 96 1
84 97 0
84 98 0
84 99 4
85 0 2
85 1 2
85 2 3
85 3 1
85 4 3
85 5 4
85 6 3
85 7 4
85 8 4
85 9 3
85 10 4
85 11 3
85 12 0
85 13 0
85 14 3
85 15 3
85 16 1
85 17 3
85 18 4
85 19 2
85 20 0
85 21 1
85 22 2
85 23 4
85 24 0
85 25 3
85 26 3
85 27 1
85 28 1
85 29 1
85 30 0
85 31 0
85 32 2
85 33 0
85 34 0
85 35 3
85 36 3
85 37 1
85 38 2
85 39 1
85 40 3
85 41 4
85 42 3
85 43 0
85 44 2
85 45 2
85 46 1
85 47 3
85 48 1
85 49 2
85 50 1
85 51 3
85 52 0
85 53 3
85 54 1
85 55 1
85 56 2
85 57 3
85 58 4
85 59 3
85 60 2
85 61 2
85 62 1
85 63 2
85 64 1
85 65 1
85 66 3
85 67 1
85 68 2
85 69 4
85 70 0
85 71 4
85 72 3
85 73 0
85 74 2
85 75 3
85 76 2
85 77 0
85 78 0
85 79 0
85 80 1
85 81 0
85 82 2
85 83 2
85 84 4
85 85 2
85 86 3
85 87 3
85 88 0
85 89 2
85 90 1
85 91 4
85 92 3
85 93 4
85 94 1
85 95 1
85 96 4
85 97 4
85 98 0
85 99 0
86 0 1
86 1 0
86 2 0
86 3 2
86 4 0
86 5 3
86 6 2
86 7 4
86 8 0
86 9 4
86 10 0
86 11 3
86 12 4
86 13 0
86 14 2
86 15 4
86 16 0
86 17 3
86 18 1
86 19 2
86 20 2
86 21 3
86 22 4
86 23 4
86 24 2
86 25 4
86 26 2
86 27 1
86 28 1
86 29 2
86 30 3
86 31 0
86 32 4
86 33 3
86 34 2
86 35 1
86 36 3
86 37 3
86 38 3
86 39 4
86 40 3
86 41 2
86 42 0
86 43 0
86 44 3
86 45 0
86 46 0
86 47 2
86 48 3
86 49 2
86 50 1
86 51 4
86 52 3
86 53 0
86 54 4
86 55 1
86 56 1
86 57 2
86 58 1
86 59 4
86 60 1
86 61 3
86 62 3
86 63 4
86 64 4
86 65 0
86 66 2
86 67 3
86 68 3
86 69 4
86 70 1
86 71 3
86 72 1
86 73 4
86 74 3
86 75 3
86 76 2
86 77 0
86 78 1
86 79 3
86 80 0
86 81 2
86 82 0
86 83 4
86 84 2
86 85 3
86 86 0
86 87 0
86 88 4
86 89 3
86 90 4
86 91 0
86 92 3
86 93 2
86 94 4
86 95 3
86 96 0
86 97 4
86 98 2
86 99 0
87 0 4
87 1 0
87 2 1
87 3 1
87 4 4
87 5 2
87 6 3
87 7 0
87 8 3
87 9 0
87 10 0
87 11 2
87 12 3
87 13 1
87 14 4
87 15 1
87 16 1
87 17 0
87 18 3
87 19 3
87 20 0
87 21 3
87 22 4
87 23 4
87 24 0
87 25 3
87 26 2
87 27 1
87 28 0
87 29 0
87 30 3
87 31 4
87 32 0
87 33 4
87 34 0
87 35 3
87 36 1
87 37 2
87 38 2
87 39 0
87 40 0
87 41 2
87 42 3
87 43 2
87 44 0
87 45 1
87 46 4
87 47 2
87 48 1
87 49 4
87 50 2
87 51 2
87 52 1
87 53 1
87 54 2
87 55 3
87 56 1
87 57 2
87 58 2
87 59 3
87 60 3
87 61 3
87 62 0
87 63 3
87 64 4
87 65 4
87 66 1
87 67 4
87 68 0
87 69 4
87 70 4
87 71 3
87 72 1
87 73 4
87 74 4
87 75 3
87 76 1
87 77 4
87 78 1
87 79 3
87 80 1
87 81 2
87 82 4
87 83 1
87 84 1
87 85 3
87 86 0
87 87 2
87 88 0
87 89 0
87 90 3
87 91 0
87 92 0
87 93 2
87 94 3
87 95 3
87 96 3
87 97 0
87 98 0
87 99 3
88 0 0
88 1 1
88 2 0
88 3 0
88 4 1
88 5 3
88 6 0
88 7 1
88 8 4
88 9 2
88 10 2
88 11 4
88 12 4
88 13 2
88 14 4
88 15 1
88 16 1
88 17 2
88 18 3
88 19 4
88 20 0
88 21 0
88 22 2
88 23 4
88 24 1
88 25 1
88 26 0
88 27 2
88 28 4
88 29 3
88 30 2
88 31 1
88 32 3
88 33 4
88 34 4
88 35 2
88 36 4
88 37 3
88 38 1
88 39 0
88 40 4
88 41 1
88 42 2
88 43 2
88 44 3
88 45 0
88 46 3
88 47 4
88 48 2
88 49 1
88 50 3
88 51 1
88 52 1
88 53 3
88 54 4
88 55 3
88 56 4
88 57 1
88 58 3
88 59 3
88 60 1
88 61 1
88 62 4
88 63 4
88 64 4
88 65 2
88 66 3
88 67 3
88 68 2
88 69 1
88 70 4
88 71 4
88 72 0
88 73 3
88 74 3
88 75 1
88 76 0
88 77 0
88 78 4
88 79 4
88 80 0
88 81 1
88 82 0
88 83 1
88 84 2
88 85 3
88 86 2
88 87 3
88 88 0
88 89 2
88 90 2
88 91 4
88 92 2
88 93 3
88 94 0
88 95 2
88 96 1
88 97 4
88 98 2
88 99 0
89 0 2
89 1 4
89 2 0
89 3 2
89 4 0
89 5 3
89 6 0
89 7 4
89 8 3
89 9 4
89 10 3
89 11 2
89 12 2
89 13 3
89 14 4
89 15 3
89 16 0
89 17 4
89 18 3
89 19 2
89 20 3
89 21 1
89 22 2
89 23 0
89 24 0
89 25 2
89 26 0
89 27 3
89 28 2
89 29 1
89 30 1
89 31 3
89 32 4
89 33 1
89 34 3
89 35 3
89 36 1
89 37 3
89 38 2
89 39 0
89 40 4
89 41 0
89 42 4
89 43 4
89 44 4
89 45 1
89 46 4
89 47 1
89 48 3
89 49 3
89 50 3
89 51 4
89 52 2
89 53 3
89 54 1
89 55 2
89 56 1
89 57 4
89 58 0
89 59 4
89 60 3
89 61 2
89 62 3
89 63 2
89 64 2
89 65 2
89 66 2
89 67 2
89 68 0
89 69 1
89 70 3
89 71 3
89 72 4
89 73 1
89 74 3
89 75 0
89 76 0
89 77 3
89 78 3
89 79 0
89 80 4
89 81 1
89 82 2
89 83 4
89 84 2
89 85 1
89 86 1
89 87 0
89 88 0
89 89 4
89 90 0
89 91 1
89 92 0
89 93 4
89 94 4
89 95 0
89 96 3
89 97 4
89 98 3
89 99 4
90 0 4
90 1 1
90 2 0
90 3 1
90 4 1
90 5 1
90 6 4
90 7 1
90 8 3
90 9 2
90 10 2
90 11 1
90 12 0
90 13 2
90 14 4
90 15 0
90 16 4
90 17 0
90 18 0
90 19 1
90 20 1
90 21 3
90 22 2
90 23 1
90 24 4
90 25 3
90 26 1
90 27 4
90 28 0
90 29 1
90 30 3
90 31 1
90 32 0
90 33 4
90 34 2
90 35 4
90 36 0
90 37 1
90 38 4
90 39 2
90 40 0
90 41 1
90 42 3
90 43 3
90 44 3
90 45 1
90 46 0
90 47 0
90 48 2
90 49 3
90 50 1
90 51 3
90 52 4
90 53 1
90 54 1
90 55 4
90 56 0
90 57 3
90 58 2
90 59 2
90 60 2
90 61 0
90 62 0
90 63 1
90 64 0
90 65 1
90 66 1
90 67 1
90 68 1
90 69 3
90 70 0
90 71 4
90 72 1
90 73 3
90 74 1
90 75 2
90 76 0
90 77 0
90 78 4
90 79 1
90 80 3
90 81 2
90 82 0
90 83 0
90 84 2
90 85 4
90 86 4
90 87 2
90 88 2
90 89 3
90 90 1
90 91 3
90 92 1
90 93 4
90 94 1
90 95 1
90 96 0
90 97 4
90 98 2
90 99 2
91 0 3
91 1 0
91 2 1
91 3 2
91 4 2
91 5 4
91 6 4
91 7 2
91 8 0
91 9 3
91 10 4
91 11 2
91 12 3
91 13 0
91 14 1
91 15 4
91 16 0
91 17 0
91 18 1
91 19 2
91 20 0
91 21 3
91 22 0
91 23 4
91 24 1
91 25 1
91 26 3
91 27 4
91 28 1
91 29 1
91 30 0
91 31 4
91 32 4
91 33 1
91 34 4
91 35 2
91 36 0
91 37 4
91 38 3
91 39 2
91 40 2
91 41 1
91 42 1
91 43 2
91 44 3
91 45 3
91 46 1
91 47 0
91 48 1
91 49 2
91 50 3
91 51 3
91 52 4
91 53 4
91 54 3
91 55 0
91 56 2
91 57 3
91 58 2
91 59 3
91 60 2
91 61 2
91 62 0
91 63 4
91 64 4
91 65 1
91 66 4
91 67 2
91 68 3
91 69 1
91 70 0
91 71 3
91 72 4
91 73 4
91 74 4
91 75 3
91 76 0
91 77 2
91 78 4
91 79 4
91 80 0
91 81 4
91 82 1
91 83 2
91 84 3
91 85 2
91 86 3
91 87 3
91 88 0
91 89 4
91 90 2
91 91 3
91 92 1
91 93 0
91 94 1
91 95 1
91 96 4
91 97 1
91 98 0
91 99 4
92 0 3
92 1 4
92 2 0
92 3 1
92 4 0
92 5 4
92 6 4
92 7 4
92 8 2
92 9 3
92 10 0
92 11 1
92 12 4
92 13 3
92 14 0
92 15 4
92 16 4
92 17 0
92 18 2
92 19 2
92 20 3
92 21 3
92 22 4
92 23 0
92 24 2
92 25 1
92 26 1
92 27 0
92 28 1
92 29 4
92 30 1
92 31 4
92 32 3
92 33 1
92 34 2
92 35 1
92 36 1
92 37 0
92 38 2
92 39 2
92 40 3
92 41 0
92 42 1
92 43 2
92 44 2
92 45 1
92 46 1
92 47 0
92 48 3
92 49 0
92 50 0
92 51 1
92 52 0
92 53 2
92 54 4
92 55 4
92 56 0
92 57 4
92 58 2
92 59 1
92 60 3
92 61 4
92 62 3
92 63 2
92 64 3
92 65 1
92 66 3
92 67 4
92 68 0
92 69 1
92 70 0
92 71 3
92 72 4
92 73 3
92 74 2
92 75 4
92 76 1
92 77 2
92 78 0
92 79 1
92 80 3
92 81 0
92 82 1
92 83 0
92 84 3
92 85 4
92 86 1
92 87 4
92 88 2
92 89 3
92 90 4
92 91 0
92 92 1
92 93 2
92 94 3
92 95 3
92 96 3
92 97 2
92 98 1
92 99 2
93 0 2
93 1 3
93 2 3
93 3 4
93 4 3
93 5 1
93 6 0
93 7 0
93 8 1
93 9 0
93 10 4
93 11 3
93 12 3
93 13 4
93 14 0
93 15 3
93 16 2
93 17 2
93 18 0
93 19 2
93 20 0
93 21 0
93 22 0
93 23 2
93 24 1
93 25 2
93 26 3
93 27 2
93 28 4
93 29 3
93 30 4
93 31 4
93 32 2
93 33 3
93 34 1
93 35 1
93 36 1
93 37 4
93 38 1
93 39 2
93 40 2
93 41 4
93 42 3
93 43 4
93 44 4
93 45 0
93 46 0
93 47 4
93 48 4
93 49 3
93 50 4
93 51 2
93 52 0
93 53 2
93 54 1
93 55 2
93 56 1
93 57 3
93 58 0
93 59 0
93 60 2
93 61 2
93 62 3
93 63 3
93 64 1
93 65 2
93 66 4
93 67 1
93 68 3
93 69 2
93 70 4
93 71 2
93 72 0
93 73 4
93 74 0
93 75 1
93 76 4
93 77 2
93 78 3
93 79 1
93 80 2
93 81 0
93 82 4
93 83 4
93 84 2
93 85 2
93 86 4
93 87 3
93 88 4
93 89 1
93 90 4
93 91 2
93 92 2
93 93 2
93 94 1
93 95 0
93 96 4
93 97 1
93 98 0
93 99 3
94 0 3
94 1 2
94 2 3
94 3 3
94 4 3
94 5 1
94 6 2
94 7 0
94 8 3
94 9 1
94 10 0
94 11 0
94 12 4
94 13 0
94 14 0
94 15 1
94 16 4
94 17 4
94 18 3
94 19 1
94 20 3
94 21 2
94 22 1
94 23 4
94 24 3
94 25 4
94 26 0
94 27 1
94 28 4
94 29 2
94 30 0
94 31 1
94 32 4
94 33 1
94 34 0
94 35 0
94 36 3
94 37 3
94 38 0
94 39 1
94 40 0
94 41 4
94 42 2
94 43 1
94 44 0
94 45 4
94 46 0
94 47 3
94 48 0
94 49 1
94 50 1
94 51 3
94 52 4
94 53 0
94 54 0
94 55 2
94 56 0
94 57 1
94 58 1
94 59 4
94 60 0
94 61 4
94 62 3
94 63 1
94 64 2
94 65 4
94 66 4
94 67 3
94 68 3
94 69 3
94 70 0
94 71 4
94 72 3
94 73 4
94 74 3
94 75 2
94 76 0
94 77 2
94 78 4
94 79 2
94 80 4
94 81 1
94 82 0
94 83 1
94 84 4
94 85 3
94 86 0
94 87 3
94 88 1
94 89 2
94 90 2
94 91 4
94 92 1
94 93 3
94 94 3
94 95 2
94 96 0
94 97 3
94 98 4
94 99 0
95 0 1
95 1 2
95 2 1
95 3 3
95 4 0
95 5 0
95 6 3
95 7 0
95 8 0
95 9 0
95 10 1
95 11 4
95 12 0
95 13 2
95 14 1
95 15 2
95 16 4
95 17 1
95 18 2
95 19 1
95 20 3
95 21 1
95 22 0
95 23 2
95 24 2
95 25 0
95 26 2
95 27 1
95 28 4
95 29 3
95 30 2
95 31 3
95 32 0
95 33 0
95 34 0
95 35 4
95 36 2
95 37 2
95 38 1
95 39 1
95 40 2
95 41 1
95 42 0
95 43 2
95 44 1
95 45 0
95 46 1
95 47 0
95 48 3
95 49 3
95 50 3
95 51 1
95 52 3
95 53 2
95 54 2
95 55 0
95 56 2
95 57 1
95 58 2
95 59 4
95 60 3
95 61 1
95 62 2
95 63 2
95 64 0
95 65 0
95 66 2
95 67 1
95 68 4
95 69 1
95 70 2
95 71 3
95 72 3
95 73 3
95 74 0
95 75 0
95 76 0
95 77 4
95 78 3
95 79 3
95 80 1
95 81 3
95 82 4
95 83 3
95 84 3
95 85 2
95 86 1
95 87 1
95 88 0
95 89 3
95 90 4
95 91 3
95 92 3
95 93 3
95 94 3
95 95 4
95 96 0
95 97 0
95 98 3
95 99 0
96 0 2
96 1 2
96 2 2
96 3 1
96 4 0
96 5 0
96 6 1
96 7 2
96 8 2
96 9 1
96 10 4
96 11 0
96 12 4
96 13 2
96 14 1
96 15 1
96 16 1
96 17 3
96 18 4
96 19 4
96 20 3
96 21 3
96 22 1
96 23 4
96 24 4
96 25 2
96 26 0
96 27 2
96 28 0
96 29 4
96 30 0
96 31 1
96 32 1
96 33 4
96 34 2
96 35 4
96 36 0
96 37 3
96 38 1
96 39 4
96 40 3
96 41 2
96 42 4
96 43 1
96 44 4
96 45 1
96 46 3
96 47 2
96 48 1
96 49 4
96 50 3
96 51 4
96 52 3
96 53 0
96 54 3
96 55 0
96 56 1
96 57 1
96 58 4
96 59 4
96 60 3
96 61 1
96 62 2
96 63 0
96 64 2
96 65 2
96 66 3
96 67 0
96 68 0
96 69 1
96 70 4
96 71 0
96 72 4
96 73 2
96 74 1
96 75 4
96 76 3
96 77 1
96 78 0
96 79 1
96 80 3
96 81 0
96 82 2
96 83 2
96 84 1
96 85 1
96 86 1
96 87 1
96 88 1
96 89 2
96 90 3
96 91 0
96 92 1
96 93 4
96 94 4
96 95 4
96 96 4
96 97 3
96 98 2
96 99 3
97 0 0
97 1 4
97 2 1
97 3 1
97 4 4
97 5 3
97 6 2
97 7 4
97 8 0
97 9 3
97 10 0
97 11 1
97 12 1
97 13 1
97 14 0
97 15 3
97 16 3
97 17 3
97 18 1
97 19 1
97 20 0
97 21 4
97 22 3
97 23 0
97 24 2
97 25 0
97 26 4
97 27 2
97 28 0
97 29 4
97 30 0
97 31 2
97 32 3
97 33 4
97 34 3
97 35 2
97 36 2
97 37 4
97 38 2
97 39 4
97 40 0
97 41 2
97 42 1
97 43 2
97 44 2
97 45 4
97 46 4
97 47 4
97 48 0
97 49 1
97 50 4
97 51 3
97 52 0
97 53 3
97 54 3
97 55 0
97 56 1
97 57 2
97 58 0
97 59 4
97 60 2
97 61 4
97 62 4
97 63 0
97 64 2
97 65 1
97 66 3
97 67 2
97 68 3
97 69 1
97 70 4
97 71 0
97 72 0
97 73 1
97 74 0
97 75 0
97 76 4
97 77 4
97 78 3
97 79 0
97 80 3
97 81 2
97 82 1
97 83 1
97 84 2
97 85 0
97 86 1
97 87 2
97 88 3
97 89 0
97 90 3
97 91 0
97 92 1
97 93 2
97 94 0
97 95 4
97 96 4
97 97 2
97 98 0
97 99 1
98 0 2
98 1 1
98 2 2
98 3 2
98 4 4
98 5 0
98 6 2
98 7 3
98 8 3
98 9 1
98 10 0
98 11 0
98 12 4
98 13 1
98 14 1
98 15 2
98 16 0
98 17 3
98 18 2
98 19 4
98 20 2
98 21 4
98 22 0
98 23 2
98 24 0
98 25 1
98 26 0
98 27 1
98 28 1
98 29 1
98 30 0
98 31 0
98 32 3
98 33 2
98 34 0
98 35 4
98 36 0
98 37 3
98 38 3
98 39 2
98 40 2
98 41 0
98 42 1
98 43 1
98 44 1
98 45 3
98 46 2
98 47 0
98 48 2
98 49 2
98 50 2
98 51 2
98 52 2
98 53 3
98 54 2
98 55 0
98 56 0
98 57 1
98 58 4
98 59 2
98 60 3
98 61 1
98 62 3
98 63 3
98 64 0
98 65 4
98 66 0
98 67 1
98 68 2
98 69 0
98 70 4
98 71 3
98 72 3
98 73 1
98 74 4
98 75 2
98 76 3
98 77 4
98 78 1
98 79 1
98 80 0
98 81 0
98 82 4
98 83 4
98 84 1
98 85 3
98 86 0
98 87 3
98 88 0
98 89 2
98 90 4
98 91 4
98 92 0
98 93 1
98 94 2
98 95 2
98 96 4
98 97 2
98 98 3
98 99 0
99 0 3
99 1 4
99 2 0
99 3 2
99 4 4
99 5 4
99 6 1
99 7 4
99 8 3
99 9 1
99 10 4
99 11 3
99 12 3
99 13 4
99 14 2
99 15 1
99 16 1
99 17 4
99 18 3
99 19 2
99 20 1
99 21 4
99 22 1
99 23 2
99 24 4
99 25 2
99 26 1
99 27 1
99 28 1
99 29 0
99 30 1
99 31 1
99 32 2
99 33 4
99 34 0
99 35 3
99 36 0
99 37 4
99 38 1
99 39 3
99 40 0
99 41 4
99 42 1
99 43 4
99 44 4
99 45 2
99 46 4
99 47 3
99 48 3
99 49 0
99 50 3
99 51 4
99 52 0
99 53 0
99 54 1
99 55 4
99 56 2
99 57 3
99 58 1
99 59 4
99 60 2
99 61 1
99 62 0
99 63 2
99 64 4
99 65 4
99 66 4
99 67 1
99 68 4
99 69 3
99 70 2
99 71 0
99 72 1
99 73 4
99 74 2
99 75 3
99 76 2
99 77 0
99 78 1
99 79 4
99 80 3
99 81 3
99 82 1
99 83 2
99 84 1
99 85 1
99 86 1
99 87 4
99 88 1
99 89 2
99 90 0
99 91 3
99 92 2
99 93 1
99 94 1
99 95 4
99 96 0
99 97 1
99 98 2
99 99 4
