0 0 4
0 1 5
0 2 2
0 3 2
0 4 2
0 5 3
0 6 3
0 7 3
0 8 4
0 9 5
0 10 4
0 11 3
0 12 4
0 13 3
0 14 6
0 15 0
0 16 6
0 17 1
0 18 3
0 19 1
0 20 2
0 21 1
0 22 0
0 23 3
0 24 4
0 25 3
0 26 1
0 27 3
0 28 3
0 29 6
0 30 1
0 31 1
0 32 4
0 33 5
0 34 2
0 35 4
0 36 4
0 37 4
0 38 1
0 39 1
0 40 6
0 41 2
0 42 1
0 43 2
0 44 3
0 45 6
0 46 1
0 47 2
0 48 4
0 49 6
0 50 2
0 51 4
0 52 3
0 53 1
0 54 4
0 55 0
0 56 2
0 57 2
0 58 2
0 59 3
0 60 4
0 61 2
0 62 4
0 63 4
0 64 0
0 65 1
0 66 3
0 67 3
0 68 6
0 69 1
0 70 0
0 71 5
0 72 5
0 73 0
0 74 1
0 75 0
0 76 1
0 77 5
0 78 0
0 79 4
0 80 3
0 81 1
0 82 2
0 83 3
0 84 5
0 85 1
0 86 5
0 87 4
0 88 3
0 89 2
0 90 3
0 91 6
0 92 0
0 93 0
0 94 6
0 95 5
0 96 3
0 97 1
0 98 3
0 99 2
1 0 0
1 1 3
1 2 2
1 3 2
1 4 5
1 5 6
1 6 1
1 7 2
1 8 4
1 9 3
1 10 3
1 11 0
1 12 4
1 13 0
1 14 1
1 15 0
1 16 4
1 17 1
1 18 5
1 19 6
1 20 5
1 21 4
1 22 1
1 23 2
1 24 1
1 25 3
1 26 3
1 27 2
1 28 3
1 29 0
1 30 5
1 31 5
1 32 5
1 33 5
1 34 3
1 35 3
1 36 6
1 37 0
1 38 5
1 39 0
1 40 1
1 41 1
1 42 0
1 43 5
1 44 0
1 45 2
1 46 3
1 47 5
1 48 4
1 49 1
1 50 5
1 51 5
1 52 0
1 53 0
1 54 5
1 55 6
1 56 4
1 57 6
1 58 3
1 59 2
1 60 3
1 61 3
1 62 3
1 63 1
1 64 6
1 65 1
1 66 2
1 67 6
1 68 1
1 69 6
1 70 1
1 71 4
1 72 6
1 73 1
1 74 5
1 75 0
1 76 0
1 77 2
1 78 5
1 79 1
1 80 3
1 81 4
1 82 5
1 83 0
1 84 3
1 85 5
1 86 6
1 87 5
1 88 4
1 89 2
1 90 3
1 91 5
1 92 1
1 93 5
1 94 6
1 95 0
1 96 0
1 97 5
1 98 2
1 99 3
2 0 2
2 1 6
2 2 2
2 3 3
2 4 4
2 5 4
2 6 6
2 7 3
2 8 4
2 9 0
2 10 2
2 11 4
2 12 1
2 13 0
2 14 5
2 15 1
2 16 1
2 17 5
2 18 1
2 19 3
2 20 1
2 21 6
2 22 5
2 23 5
2 24 5
2 25 2
2 26 2
2 27 6
2 28 6
2 29 2
2 30 3
2 31 6
2 32 2
2 33 6
2 34 6
2 35 4
2 36 0
2 37 5
2 38 5
2 39 5
2 40 0
2 41 4
2 42 0
2 43 1
2 44 4
2 45 4
2 46 1
2 47 1
2 48 0
2 49 4
2 50 2
2 51 0
2 52 0
2 53 2
2 54 4
2 55 0
2 56 5
2 57 6
2 58 2
2 59 4
2 60 6
2 61 2
2 62 2
2 63 5
2 64 3
2 65 2
2 66 2
2 67 5
2 68 5
2 69 4
2 70 2
2 71 5
2 72 2
2 73 3
2 74 0
2 75 1
2 76 3
2 77 0
2 78 1
2 79 5
2 80 3
2 81 1
2 82 2
2 83 0
2 84 5
2 85 4
2 86 6
2 87 3
2 88 2
2 89 6
2 90 2
2 91 4
2 92 6
2 93 1
2 94 5
2 95 1
2 96 6
2 97 6
2 98 1
2 99 1
3 0 6
3 1 3
3 2 0
3 3 2
3 4 3
3 5 2
3 6 1
3 7 4
3 8 1
3 9 5
3 10 4
3 11 0
3 12 1
3 13 3
3 14 5
3 15 2
3 16 2
3 17 5
3 18 2
3 19 1
3 20 1
3 21 0
3 22 5
3 23 4
3 24 1
3 25 1
3 26 5
3 27 2
3 28 5
3 29 4
3 30 0
3 31 2
3 32 5
3 33 1
3 34 3
3 35 5
3 36 6
3 37 1
3 38 5
3 39 6
3 40 6
3 41 6
3 42 0
3 43 4
3 44 1
3 45 1
3 46 2
3 47 5
3 48 4
3 49 4
3 50 0
3 51 3
3 52 4
3 53 1
3 54 2
3 55 2
3 56 1
3 57 4
3 58 6
3 59 2
3 60 6
3 61 6
3 62 6
3 63 4
3 64 2
3 65 2
3 66 6
3 67 3
3 68 1
3 69 1
3 70 2
3 71 1
3 72 4
3 73 6
3 74 0
3 75 4
3 76 5
3 77 5
3 78 6
3 79 2
3 80 2
3 81 4
3 82 3
3 83 3
3 84 1
3 85 5
3 86 4
3 87 3
3 88 1
3 89 4
3 90 4
3 91 3
3 92 3
3 93 1
3 94 1
3 95 3
3 96 2
3 97 1
3 98 0
3 99 2
4 0 2
4 1 4
4 2 0
4 3 4
4 4 4
4 5 1
4 6 0
4 7 6
4 8 5
4 9 5
4 10 0
4 11 6
4 12 3
4 13 5
4 14 6
4 15 4
4 16 4
4 17 3
4 18 5
4 19 6
4 20 1
4 21 6
4 22 4
4 23 5
4 24 2
4 25 5
4 26 6
4 27 0
4 28 1
4 29 4
4 30 2
4 31 4
4 32 3
4 33 5
4 34 6
4 35 1
4 36 3
4 37 1
4 38 2
4 39 6
4 40 3
4 41 4
4 42 4
4 43 1
4 44 1
4 45 3
4 46 2
4 47 1
4 48 1
4 49 2
4 50 3
4 51 5
4 52 1
4 53 1
4 54 6
4 55 0
4 56 1
4 57 0
4 58 5
4 59 1
4 60 0
4 61 2
4 62 6
4 63 3
4 64 5
4 65 4
4 66 6
4 67 5
4 68 5
4 69 5
4 70 2
4 71 0
4 72 6
4 73 0
4 74 6
4 75 6
4 76 1
4 77 0
4 78 1
4 79 2
4 80 5
4 81 2
4 82 4
4 83 1
4 84 0
4 85 1
4 86 4
4 87 5
4 88 3
4 89 5
4 90 1
4 91 0
4 92 4
4 93 0
4 94 4
4 95 3
4 96 1
4 97 0
4 98 0
4 99 6
5 0 2
5 1 0
5 2 5
5 3 0
5 4 2
5 5 4
5 6 6
5 7 6
5 8 4
5 9 0
5 10 2
5 11 1
5 12 4
5 13 3
5 14 1
5 15 4
5 16 1
5 17 3
5 18 4
5 19 1
5 20 3
5 21 6
5 22 3
5 23 5
5 24 4
5 25 2
5 26 6
5 27 1
5 28 4
5 29 1
5 30 1
5 31 2
5 32 3
5 33 3
5 34 1
5 35 6
5 36 6
5 37 3
5 38 2
5 39 5
5 40 0
5 41 5
5 42 5
5 43 0
5 44 5
5 45 6
5 46 1
5 47 1
5 48 3
5 49 0
5 50 0
5 51 5
5 52 1
5 53 5
5 54 0
5 55 2
5 56 2
5 57 0
5 58 3
5 59 5
5 60 4
5 61 4
5 62 4
5 63 2
5 64 0
5 65 1
5 66 3
5 67 5
5 68 2
5 69 5
5 70 1
5 71 5
5 72 1
5 73 0
5 74 4
5 75 6
5 76 6
5 77 0
5 78 3
5 79 6
5 80 4
5 81 0
5 82 5
5 83 3
5 84 6
5 85 5
5 86 1
5 87 2
5 88 1
5 89 0
5 90 4
5 91 1
5 92 2
5 93 5
5 94 6
5 95 6
5 96 0
5 97 1
5 98 0
5 99 4
6 0 2
6 1 5
6 2 6
6 3 1
6 4 6
6 5 3
6 6 0
6 7 3
6 8 1
6 9 0
6 10 1
6 11 5
6 12 6
6 13 4
6 14 0
6 15 4
6 16 5
6 17 1
6 18 0
6 19 1
6 20 5
6 21 6
6 22 1
6 23 0
6 24 3
6 25 5
6 26 5
6 27 6
6 28 3
6 29 5
6 30 0
6 31 0
6 32 6
6 33 6
6 34 2
6 35 6
6 36 5
6 37 6
6 38 4
6 39 5
6 40 6
6 41 5
6 42 1
6 43 5
6 44 2
6 45 0
6 46 3
6 47 5
6 48 1
6 49 2
6 50 2
6 51 5
6 52 5
6 53 1
6 54 4
6 55 2
6 56 2
6 57 2
6 58 5
6 59 2
6 60 0
6 61 2
6 62 4
6 63 3
6 64 4
6 65 4
6 66 4
6 67 2
6 68 6
6 69 6
6 70 3
6 71 6
6 72 2
6 73 5
6 74 1
6 75 0
6 76 0
6 77 6
6 78 6
6 79 3
6 80 6
6 81 4
6 82 2
6 83 3
6 84 5
6 85 0
6 86 3
6 87 3
6 88 1
6 89 4
6 90 0
6 91 5
6 92 3
6 93 0
6 94 1
6 95 6
6 96 0
6 97 4
6 98 0
6 99 0
7 0 6
7 1 4
7 2 3
7 3 2
7 4 3
7 5 1
7 6 0
7 7 4
7 8 0
7 9 1
7 10 5
7 11 0
7 12 2
7 13 4
7 14 5
7 15 1
7 16 6
7 17 6
7 18 1
7 19 5
7 20 4
7 21 0
7 22 4
7 23 4
7 24 3
7 25 0
7 26 0
7 27 1
7 28 5
7 29 1
7 30 2
7 31 3
7 32 6
7 33 6
7 34 3
7 35 6
7 36 3
7 37 4
7 38 4
7 39 3
7 40 2
7 41 2
7 42 6
7 43 3
7 44 1
7 45 0
7 46 3
7 47 0
7 48 0
7 49 4
7 50 6
7 51 1
7 52 3
7 53 4
7 54 1
7 55 4
7 56 4
7 57 3
7 58 0
7 59 2
7 60 6
7 61 3
7 62 3
7 63 5
7 64 4
7 65 1
7 66 2
7 67 0
7 68 5
7 69 2
7 70 0
7 71 5
7 72 6
7 73 1
7 74 0
7 75 6
7 76 3
7 77 1
7 78 2
7 79 3
7 80 6
7 81 1
7 82 6
7 83 0
7 84 5
7 85 2
7 86 3
7 87 0
7 88 0
7 89 6
7 90 5
7 91 4
7 92 3
7 93 1
7 94 3
7 95 0
7 96 0
7 97 6
7 98 6
7 99 0
8 0 3
8 1 5
8 2 5
8 3 3
8 4 0
8 5 1
8 6 5
8 7 1
8 8 3
8 9 5
8 10 5
8 11 3
8 12 5
8 13 3
8 14 0
8 15 4
8 16 6
8 17 6
8 18 6
8 19 4
8 20 1
8 21 5
8 22 0
8 23 2
8 24 2
8 25 1
8 26 4
8 27 2
8 28 4
8 29 3
8 30 0
8 31 5
8 32 1
8 33 2
8 34 3
8 35 1
8 36 5
8 37 4
8 38 5
8 39 5
8 40 2
8 41 5
8 42 1
8 43 4
8 44 2
8 45 6
8 46 3
8 47 6
8 48 3
8 49 3
8 50 2
8 51 0
8 52 3
8 53 2
8 54 6
8 55 0
8 56 6
8 57 6
8 58 3
8 59 0
8 60 4
8 61 3
8 62 0
8 63 5
8 64 6
8 65 0
8 66 1
8 67 5
8 68 4
8 69 3
8 70 3
8 71 4
8 72 3
8 73 2
8 74 1
8 75 1
8 76 4
8 77 6
8 78 5
8 79 2
8 80 1
8 81 0
8 82 1
8 83 4
8 84 3
8 85 6
8 86 1
8 87 0
8 88 0
8 89 1
8 90 0
8 91 3
8 92 0
8 93 2
8 94 1
8 95 3
8 96 2
8 97 3
8 98 1
8 99 5
9 0 1
9 1 1
9 2 2
9 3 1
9 4 5
9 5 2
9 6 5
9 7 4
9 8 4
9 9 1
9 10 3
9 11 4
9 12 0
9 13 2
9 14 0
9 15 0
9 16 3
9 17 0
9 18 1
9 19 2
9 20 1
9 21 3
9 22 1
9 23 3
9 24 4
9 25 3
9 26 0
9 27 4
9 28 4
9 29 4
9 30 4
9 31 0
9 32 5
9 33 6
9 34 3
9 35 3
9 36 0
9 37 3
9 38 0
9 39 3
9 40 3
9 41 4
9 42 1
9 43 5
9 44 2
9 45 1
9 46 4
9 47 3
9 48 5
9 49 4
9 50 3
9 51 6
9 52 3
9 53 3
9 54 1
9 55 2
9 56 0
9 57 1
9 58 1
9 59 6
9 60 3
9 61 1
9 62 5
9 63 6
9 64 5
9 65 3
9 66 4
9 67 5
9 68 5
9 69 3
9 70 0
9 71 0
9 72 0
9 73 6
9 74 2
9 75 6
9 76 2
9 77 3
9 78 2
9 79 3
9 80 4
9 81 5
9 82 3
9 83 5
9 84 6
9 85 5
9 86 6
9 87 0
9 88 2
9 89 6
9 90 4
9 91 6
9 92 6
9 93 6
9 94 3
9 95 2
9 96 1
9 97 1
9 98 0
9 99 2
10 0 5
10 1 6
10 2 4
10 3 3
10 4 2
10 5 0
10 6 4
10 7 6
10 8 1
10 9 2
10 10 4
10 11 2
10 12 4
10 13 3
10 14 2
10 15 6
10 16 2
10 17 2
10 18 2
10 19 1
10 20 0
10 21 4
10 22 6
10 23 1
10 24 2
10 25 0
10 26 3
10 27 6
10 28 4
10 29 1
10 30 1
10 31 4
10 32 1
10 33 0
10 34 2
10 35 2
10 36 4
10 37 6
10 38 5
10 39 3
10 40 2
10 41 3
10 42 3
10 43 1
10 44 2
10 45 5
10 46 4
10 47 2
10 48 2
10 49 2
10 50 5
10 51 3
10 52 5
10 53 2
10 54 1
10 55 0
10 56 3
10 57 2
10 58 4
10 59 6
10 60 4
10 61 4
10 62 1
10 63 6
10 64 3
10 65 3
10 66 4
10 67 3
10 68 6
10 69 4
10 70 3
10 71 5
10 72 0
10 73 1
10 74 4
10 75 6
10 76 1
10 77 5
10 78 1
10 79 1
10 80 4
10 81 6
10 82 6
10 83 2
10 84 0
10 85 4
10 86 4
10 87 2
10 88 4
10 89 2
10 90 3
10 91 2
10 92 3
10 93 5
10 94 6
10 95 6
10 96 0
10 97 3
10 98 5
10 99 1
11 0 1
11 1 5
11 2 0
11 3 2
11 4 1
11 5 5
11 6 5
11 7 3
11 8 3
11 9 3
11 10 2
11 11 3
11 12 4
11 13 6
11 14 3
11 15 1
11 16 6
11 17 0
11 18 2
11 19 1
11 20 5
11 21 4
11 22 6
11 23 6
11 24 1
11 25 1
11 26 4
11 27 2
11 28 3
11 29 6
11 30 2
11 31 6
11 32 3
11 33 4
11 34 3
11 35 6
11 36 5
11 37 4
11 38 2
11 39 3
11 40 0
11 41 2
11 42 5
11 43 6
11 44 0
11 45 6
11 46 6
11 47 5
11 48 4
11 49 2
11 50 2
11 51 1
11 52 6
11 53 0
11 54 4
11 55 1
11 56 5
11 57 3
11 58 0
11 59 3
11 60 2
11 61 4
11 62 3
11 63 0
11 64 4
11 65 5
11 66 1
11 67 2
11 68 2
11 69 2
11 70 5
11 71 1
11 72 1
11 73 0
11 74 6
11 75 6
11 76 6
11 77 0
11 78 4
11 79 4
11 80 3
11 81 2
11 82 3
11 83 0
11 84 1
11 85 4
11 86 4
11 87 1
11 88 1
11 89 1
11 90 2
11 91 5
11 92 5
11 93 6
11 94 0
11 95 5
11 96 3
11 97 4
11 98 1
11 99 2
12 0 5
12 1 0
12 2 6
12 3 5
12 4 1
12 5 2
12 6 6
12 7 6
12 8 0
12 9 0
12 10 0
12 11 5
12 12 6
12 13 3
12 14 5
12 15 5
12 16 0
12 17 5
12 18 1
12 19 0
12 20 4
12 21 1
12 22 3
12 23 2
12 24 1
12 25 0
12 26 1
12 27 0
12 28 0
12 29 4
12 30 0
12 31 0
12 32 6
12 33 2
12 34 4
12 35 6
12 36 1
12 37 0
12 38 5
12 39 2
12 40 0
12 41 4
12 42 5
12 43 5
12 44 2
12 45 0
12 46 2
12 47 6
12 48 0
12 49 4
12 50 3
12 51 2
12 52 3
12 53 0
12 54 5
12 55 2
12 56 1
12 57 2
12 58 1
12 59 3
12 60 2
12 61 1
12 62 3
12 63 6
12 64 2
12 65 5
12 66 0
12 67 2
12 68 0
12 69 0
12 70 0
12 71 3
12 72 1
12 73 5
12 74 0
12 75 3
12 76 2
12 77 4
12 78 6
12 79 3
12 80 1
12 81 2
12 82 2
12 83 1
12 84 0
12 85 0
12 86 6
12 87 3
12 88 4
12 89 0
12 90 4
12 91 4
12 92 6
12 93 4
12 94 1
12 95 6
12 96 0
12 97 5
12 98 3
12 99 5
13 0 3
13 1 2
13 2 6
13 3 0
13 4 3
13 5 5
13 6 6
13 7 5
13 8 0
13 9 4
13 10 1
13 11 1
13 12 4
13 13 1
13 14 6
13 15 0
13 16 2
13 17 1
13 18 6
13 19 6
13 20 0
13 21 3
13 22 0
13 23 3
13 24 6
13 25 3
13 26 1
13 27 2
13 28 4
13 29 3
13 30 2
13 31 0
13 32 2
13 33 4
13 34 5
13 35 3
13 36 2
13 37 6
13 38 2
13 39 0
13 40 1
13 41 4
13 42 3
13 43 4
13 44 6
13 45 3
13 46 0
13 47 0
13 48 6
13 49 0
13 50 1
13 51 0
13 52 5
13 53 1
13 54 3
13 55 2
13 56 5
13 57 6
13 58 0
13 59 2
13 60 4
13 61 2
13 62 0
13 63 3
13 64 5
13 65 6
13 66 5
13 67 6
13 68 1
13 69 0
13 70 3
13 71 6
13 72 0
13 73 1
13 74 6
13 75 1
13 76 0
13 77 1
13 78 2
13 79 2
13 80 3
13 81 1
13 82 6
13 83 4
13 84 0
13 85 5
13 86 1
13 87 1
13 88 4
13 89 0
13 90 3
13 91 6
13 92 0
13 93 4
13 94 1
13 95 0
13 96 6
13 97 5
13 98 1
13 99 0
14 0 3
14 1 1
14 2 3
14 3 2
14 4 1
14 5 1
14 6 3
14 7 0
14 8 1
14 9 3
14 10 6
14 11 0
14 12 3
14 13 3
14 14 4
14 15 0
14 16 2
14 17 3
14 18 5
14 19 4
14 20 5
14 21 3
14 22 2
14 23 1
14 24 1
14 25 4
14 26 6
14 27 3
14 28 5
14 29 4
14 30 1
14 31 0
14 32 0
14 33 5
14 34 6
14 35 4
14 36 3
14 37 4
14 38 6
14 39 0
14 40 6
14 41 3
14 42 1
14 43 0
14 44 4
14 45 6
14 46 3
14 47 6
14 48 3
14 49 2
14 50 3
14 51 1
14 52 0
14 53 4
14 54 4
14 55 0
14 56 3
14 57 6
14 58 5
14 59 2
14 60 0
14 61 0
14 62 2
14 63 4
14 64 6
14 65 4
14 66 4
14 67 0
14 68 6
14 69 2
14 70 2
14 71 4
14 72 0
14 73 4
14 74 1
14 75 3
14 76 2
14 77 4
14 78 3
14 79 5
14 80 5
14 81 3
14 82 2
14 83 1
14 84 5
14 85 6
14 86 1
14 87 1
14 88 6
14 89 3
14 90 3
14 91 5
14 92 3
14 93 0
14 94 3
14 95 4
14 96 1
14 97 0
14 98 0
14 99 2
15 0 2
15 1 0
15 2 3
15 3 1
15 4 6
15 5 4
15 6 5
15 7 0
15 8 4
15 9 6
15 10 3
15 11 2
15 12 1
15 13 3
15 14 2
15 15 4
15 16 1
15 17 0
15 18 6
15 19 0
15 20 4
15 21 5
15 22 3
15 23 1
15 24 3
15 25 4
15 26 5
15 27 0
15 28 1
15 29 0
15 30 5
15 31 0
15 32 1
15 33 3
15 34 5
15 35 6
15 36 3
15 37 5
15 38 0
15 39 4
15 40 1
15 41 4
15 42 1
15 43 2
15 44 0
15 45 0
15 46 6
15 47 3
15 48 6
15 49 1
15 50 3
15 51 6
15 52 1
15 53 2
15 54 2
15 55 3
15 56 2
15 57 0
15 58 0
15 59 4
15 60 3
15 61 3
15 62 6
15 63 3
15 64 6
15 65 0
15 66 0
15 67 3
15 68 0
15 69 2
15 70 2
15 71 4
15 72 3
15 73 4
15 74 5
15 75 2
15 76 2
15 77 6
15 78 2
15 79 1
15 80 3
15 81 2
15 82 2
15 83 6
15 84 4
15 85 4
15 86 1
15 87 0
15 88 5
15 89 5
15 90 2
15 91 3
15 92 1
15 93 0
15 94 1
15 95 3
15 96 4
15 97 4
15 98 1
15 99 5
16 0 6
16 1 3
16 2 5
16 3 1
16 4 4
16 5 4
16 6 0
16 7 4
16 8 3
16 9 1
16 10 1
16 11 1
16 12 6
16 13 0
16 14 0
16 15 1
16 16 2
16 17 3
16 18 3
16 19 5
16 20 3
16 21 6
16 22 6
16 23 0
16 24 2
16 25 4
16 26 1
16 27 6
16 28 2
16 29 1
16 30 3
16 31 6
16 32 3
16 33 1
16 34 6
16 35 2
16 36 2
16 37 4
16 38 2
16 39 2
16 40 3
16 41 0
16 42 1
16 43 3
16 44 4
16 45 1
16 46 2
16 47 5
16 48 3
16 49 2
16 50 3
16 51 0
16 52 4
16 53 5
16 54 0
16 55 1
16 56 2
16 57 1
16 58 4
16 59 6
16 60 4
16 61 1
16 62 2
16 63 5
16 64 2
16 65 4
16 66 1
16 67 0
16 68 4
16 69 1
16 70 0
16 71 0
16 72 2
16 73 4
16 74 5
16 75 3
16 76 0
16 77 6
16 78 4
16 79 5
16 80 4
16 81 0
16 82 0
16 83 3
16 84 3
16 85 4
16 86 5
16 87 2
16 88 0
16 89 1
16 90 2
16 91 0
16 92 3
16 93 3
16 94 5
16 95 2
16 96 4
16 97 1
16 98 1
16 99 3
17 0 3
17 1 4
17 2 3
17 3 1
17 4 1
17 5 2
17 6 3
17 7 5
17 8 2
17 9 6
17 10 1
17 11 6
17 12 1
17 13 1
17 14 1
17 15 1
17 16 0
17 17 5
17 18 2
17 19 6
17 20 6
17 21 2
17 22 6
17 23 4
17 24 0
17 25 6
17 26 6
17 27 0
17 28 1
17 29 4
17 30 5
17 31 1
17 32 2
17 33 4
17 34 3
17 35 0
17 36 2
17 37 1
17 38 1
17 39 4
17 40 2
17 41 3
17 42 3
17 43 2
17 44 6
17 45 2
17 46 6
17 47 5
17 48 3
17 49 5
17 50 3
17 51 3
17 52 6
17 53 3
17 54 5
17 55 2
17 56 6
17 57 2
17 58 5
17 59 2
17 60 2
17 61 6
17 62 3
17 63 6
17 64 3
17 65 4
17 66 1
17 67 0
17 68 1
17 69 1
17 70 2
17 71 1
17 72 1
17 73 2
17 74 0
17 75 2
17 76 6
17 77 1
17 78 4
17 79 1
17 80 1
17 81 4
17 82 4
17 83 1
17 84 5
17 85 1
17 86 2
17 87 6
17 88 5
17 89 1
17 90 2
17 91 6
17 92 4
17 93 3
17 94 2
17 95 6
17 96 6
17 97 6
17 98 4
17 99 2
18 0 3
18 1 5
18 2 1
18 3 4
18 4 3
18 5 4
18 6 1
18 7 1
18 8 2
18 9 2
18 10 5
18 11 0
18 12 2
18 13 3
18 14 6
18 15 2
18 16 2
18 17 2
18 18 3
18 19 3
18 20 2
18 21 2
18 22 0
18 23 2
18 24 0
18 25 6
18 26 2
18 27 2
18 28 3
18 29 6
18 30 2
18 31 5
18 32 2
18 33 4
18 34 6
18 35 1
18 36 6
18 37 3
18 38 4
18 39 0
18 40 3
18 41 3
18 42 4
18 43 1
18 44 1
18 45 6
18 46 1
18 47 2
18 48 3
18 49 4
18 50 5
18 51 6
18 52 5
18 53 4
18 54 1
18 55 4
18 56 2
18 57 3
18 58 6
18 59 2
18 60 3
18 61 6
18 62 6
18 63 3
18 64 1
18 65 4
18 66 0
18 67 5
18 68 1
18 69 3
18 70 2
18 71 6
18 72 5
18 73 4
18 74 1
18 75 0
18 76 5
18 77 0
18 78 2
18 79 0
18 80 0
18 81 0
18 82 2
18 83 2
18 84 2
18 85 6
18 86 4
18 87 6
18 88 1
18 89 1
18 90 1
18 91 3
18 92 3
18 93 6
18 94 6
18 95 1
18 96 4
18 97 2
18 98 4
18 99 2
19 0 4
19 1 3
19 2 3
19 3 3
19 4 1
19 5 2
19 6 4
19 7 3
19 8 5
19 9 1
19 10 5
19 11 1
19 12 6
19 13 6
19 14 1
19 15 5
19 16 1
19 17 5
19 18 0
19 19 2
19 20 2
19 21 0
19 22 4
19 23 2
19 24 0
19 25 6
19 26 1
19 27 4
19 28 5
19 29 0
19 30 6
19 31 4
19 32 6
19 33 2
19 34 6
19 35 0
19 36 2
19 37 0
19 38 3
19 39 6
19 40 4
19 41 6
19 42 0
19 43 1
19 44 0
19 45 6
19 46 1
19 47 3
19 48 1
19 49 6
19 50 0
19 51 0
19 52 3
19 53 3
19 54 2
19 55 1
19 56 5
19 57 5
19 58 4
19 59 1
19 60 2
19 61 3
19 62 4
19 63 1
19 64 4
19 65 3
19 66 0
19 67 4
19 68 4
19 69 1
19 70 3
19 71 0
19 72 3
19 73 1
19 74 0
19 75 4
19 76 4
19 77 6
19 78 0
19 79 2
19 80 6
19 81 2
19 82 0
19 83 5
19 84 2
19 85 1
19 86 1
19 87 6
19 88 1
19 89 1
19 90 0
19 91 6
19 92 0
19 93 6
19 94 3
19 95 2
19 96 4
19 97 3
19 98 6
19 99 1
20 0 6
20 1 1
20 2 0
20 3 1
20 4 3
20 5 6
20 6 3
20 7 1
20 8 6
20 9 1
20 10 3
20 11 0
20 12 5
20 13 6
20 14 1
20 15 4
20 16 1
20 17 3
20 18 5
20 19 6
20 20 4
20 21 5
20 22 1
20 23 3
20 24 5
20 25 2
20 26 1
20 27 4
20 28 6
20 29 5
20 30 6
20 31 3
20 32 0
20 33 6
20 34 4
20 35 3
20 36 2
20 37 0
20 38 1
20 39 0
20 40 5
20 41 5
20 42 1
20 43 5
20 44 1
20 45 3
20 46 4
20 47 3
20 48 4
20 49 3
20 50 4
20 51 2
20 52 6
20 53 5
20 54 1
20 55 3
20 56 2
20 57 3
20 58 4
20 59 0
20 60 4
20 61 0
20 62 6
20 63 0
20 64 0
20 65 5
20 66 1
20 67 0
20 68 0
20 69 4
20 70 6
20 71 1
20 72 0
20 73 5
20 74 2
20 75 6
20 76 5
20 77 2
20 78 4
20 79 0
20 80 0
20 81 4
20 82 0
20 83 4
20 84 2
20 85 1
20 86 5
20 87 2
20 88 5
20 89 6
20 90 4
20 91 6
20 92 5
20 93 1
20 94 4
20 95 2
20 96 3
20 97 1
20 98 5
20 99 6
21 0 0
21 1 5
21 2 0
21 3 2
21 4 1
21 5 2
21 6 3
21 7 6
21 8 0
21 9 1
21 10 5
21 11 5
21 12 0
21 13 3
21 14 5
21 15 1
21 16 2
21 17 4
21 18 5
21 19 1
21 20 1
21 21 1
21 22 1
21 23 0
21 24 0
21 25 3
21 26 1
21 27 4
21 28 5
21 29 2
21 30 5
21 31 5
21 32 5
21 33 1
21 34 4
21 35 2
21 36 5
21 37 5
21 38 0
21 39 5
21 40 6
21 41 6
21 42 0
21 43 3
21 44 2
21 45 3
21 46 4
21 47 3
21 48 6
21 49 1
21 50 1
21 51 3
21 52 5
21 53 6
21 54 6
21 55 5
21 56 3
21 57 1
21 58 5
21 59 5
21 60 0
21 61 1
21 62 2
21 63 0
21 64 4
21 65 3
21 66 6
21 67 4
21 68 2
21 69 2
21 70 2
21 71 2
21 72 6
21 73 6
21 74 4
21 75 2
21 76 6
21 77 2
21 78 4
21 79 3
21 80 3
21 81 1
21 82 4
21 83 2
21 84 0
21 85 5
21 86 0
21 87 5
21 88 4
21 89 3
21 90 3
21 91 6
21 92 5
21 93 2
21 94 1
21 95 5
21 96 4
21 97 1
21 98 0
21 99 1
22 0 2
22 1 6
22 2 0
22 3 5
22 4 3
22 5 5
22 6 5
22 7 4
22 8 6
22 9 6
22 10 6
22 11 2
22 12 5
22 13 2
22 14 5
22 15 1
22 16 3
22 17 4
22 18 0
22 19 1
22 20 0
22 21 2
22 22 6
22 23 3
22 24 6
22 25 2
22 26 2
22 27 1
22 28 5
22 29 2
22 30 5
22 31 4
22 32 1
22 33 3
22 34 5
22 35 3
22 36 6
22 37 6
22 38 6
22 39 5
22 40 5
22 41 6
22 42 1
22 43 4
22 44 2
22 45 4
22 46 1
22 47 4
22 48 3
22 49 4
22 50 5
22 51 5
22 52 5
22 53 1
22 54 6
22 55 6
22 56 2
22 57 0
22 58 1
22 59 0
22 60 5
22 61 1
22 62 4
22 63 5
22 64 0
22 65 2
22 66 2
22 67 0
22 68 5
22 69 0
22 70 0
22 71 4
22 72 2
22 73 4
22 74 0
22 75 2
22 76 2
22 77 6
22 78 2
22 79 0
22 80 6
22 81 3
22 82 5
22 83 1
22 84 3
22 85 4
22 86 6
22 87 0
22 88 6
22 89 3
22 90 4
22 91 6
22 92 2
22 93 4
22 94 1
22 95 6
22 96 2
22 97 6
22 98 0
22 99 6
23 0 3
23 1 3
23 2 0
23 3 3
23 4 1
23 5 2
23 6 3
23 7 1
23 8 5
23 9 2
23 10 1
23 11 5
23 12 4
23 13 3
23 14 6
23 15 6
23 16 3
23 17 5
23 18 2
23 19 4
23 20 6
23 21 3
23 22 1
23 23 4
23 24 3
23 25 0
23 26 0
23 27 6
23 28 1
23 29 1
23 30 3
23 31 1
23 32 2
23 33 1
23 34 5
23 35 4
23 36 2
23 37 3
23 38 1
23 39 0
23 40 6
23 41 1
23 42 0
23 43 5
23 44 4
23 45 4
23 46 6
23 47 3
23 48 1
23 49 4
23 50 6
23 51 3
23 52 1
23 53 5
23 54 3
23 55 2
23 56 3
23 57 3
23 58 0
23 59 4
23 60 1
23 61 0
23 62 2
23 63 0
23 64 5
23 65 1
23 66 6
23 67 1
23 68 1
23 69 3
23 70 6
23 71 2
23 72 6
23 73 6
23 74 1
23 75 0
23 76 6
23 77 4
23 78 6
23 79 4
23 80 0
23 81 2
23 82 2
23 83 5
23 84 6
23 85 6
23 86 3
23 87 5
23 88 4
23 89 0
23 90 6
23 91 3
23 92 1
23 93 5
23 94 4
23 95 3
23 96 4
23 97 1
23 98 1
23 99 3
24 0 2
24 1 5
24 2 2
24 3 2
24 4 2
24 5 2
24 6 1
24 7 2
24 8 2
24 9 6
24 10 4
24 11 1
24 12 3
24 13 6
24 14 2
24 15 5
24 16 6
24 17 6
24 18 4
24 19 6
24 20 4
24 21 1
24 22 1
24 23 0
24 24 2
24 25 6
24 26 0
24 27 2
24 28 2
24 29 1
24 30 1
24 31 1
24 32 4
24 33 5
24 34 5
24 35 6
24 36 4
24 37 6
24 38 0
24 39 2
24 40 3
24 41 1
24 42 5
24 43 6
24 44 4
24 45 2
24 46 0
24 47 6
24 48 4
24 49 1
24 50 3
24 51 0
24 52 4
24 53 4
24 54 0
24 55 0
24 56 0
24 57 1
24 58 2
24 59 0
24 60 3
24 61 1
24 62 0
24 63 1
24 64 1
24 65 6
24 66 3
24 67 1
24 68 5
24 69 5
24 70 6
24 71 6
24 72 2
24 73 5
24 74 0
24 75 3
24 76 5
24 77 6
24 78 6
24 79 0
24 80 3
24 81 0
24 82 5
24 83 6
24 84 2
24 85 2
24 86 4
24 87 4
24 88 2
24 89 5
24 90 5
24 91 6
24 92 5
24 93 6
24 94 6
24 95 5
24 96 5
24 97 4
24 98 2
24 99 0
25 0 6
25 1 5
25 2 2
25 3 0
25 4 3
25 5 2
25 6 4
25 7 4
25 8 4
25 9 2
25 10 6
25 11 2
25 12 1
25 13 3
25 14 0
25 15 6
25 16 3
25 17 0
25 18 2
25 19 5
25 20 6
25 21 2
25 22 5
25 23 3
25 24 0
25 25 2
25 26 1
25 27 6
25 28 0
25 29 2
25 30 5
25 31 3
25 32 0
25 33 6
25 34 1
25 35 0
25 36 3
25 37 5
25 38 5
25 39 2
25 40 6
25 41 5
25 42 1
25 43 5
25 44 5
25 45 2
25 46 0
25 47 5
25 48 1
25 49 6
25 50 3
25 51 6
25 52 4
25 53 4
25 54 1
25 55 4
25 56 3
25 57 0
25 58 5
25 59 3
25 60 3
25 61 6
25 62 6
25 63 5
25 64 3
25 65 6
25 66 4
25 67 2
25 68 2
25 69 3
25 70 4
25 71 2
25 72 3
25 73 2
25 74 5
25 75 5
25 76 4
25 77 1
25 78 5
25 79 1
25 80 0
25 81 6
25 82 1
25 83 4
25 84 6
25 85 2
25 86 2
25 87 2
25 88 3
25 89 4
25 90 4
25 91 4
25 92 2
25 93 6
25 94 6
25 95 4
25 96 3
25 97 1
25 98 2
25 99 6
26 0 0
26 1 2
26 2 6
26 3 4
26 4 4
26 5 6
26 6 3
26 7 4
26 8 1
26 9 3
26 10 3
26 11 1
26 12 5
26 13 6
26 14 0
26 15 0
26 16 6
26 17 4
26 18 6
26 19 2
26 20 6
26 21 2
26 22 6
26 23 0
26 24 3
26 25 2
26 26 6
26 27 1
26 28 0
26 29 3
26 30 3
26 31 1
26 32 3
26 33 0
26 34 2
26 35 2
26 36 5
26 37 6
26 38 0
26 39 6
26 40 1
26 41 6
26 42 1
26 43 1
26 44 1
26 45 5
26 46 5
26 47 2
26 48 6
26 49 6
26 50 0
26 51 4
26 52 4
26 53 0
26 54 2
26 55 0
26 56 3
26 57 3
26 58 6
26 59 5
26 60 3
26 61 2
26 62 0
26 63 1
26 64 5
26 65 4
26 66 4
26 67 4
26 68 4
26 69 2
26 70 6
26 71 4
26 72 3
26 73 3
26 74 3
26 75 4
26 76 1
26 77 3
26 78 4
26 79 6
26 80 4
26 81 3
26 82 1
26 83 0
26 84 6
26 85 1
26 86 1
26 87 3
26 88 1
26 89 6
26 90 1
26 91 4
26 92 4
26 93 1
26 94 4
26 95 4
26 96 1
26 97 2
26 98 5
26 99 3
27 0 1
27 1 0
27 2 4
27 3 5
27 4 3
27 5 0
27 6 5
27 7 3
27 8 0
27 9 4
27 10 2
27 11 6
27 12 3
27 13 2
27 14 0
27 15 5
27 16 1
27 17 0
27 18 0
27 19 3
27 20 5
27 21 2
27 22 2
27 23 2
27 24 6
27 25 6
27 26 3
27 27 4
27 28 3
27 29 4
27 30 1
27 31 1
27 32 6
27 33 1
27 34 4
27 35 4
27 36 0
27 37 0
27 38 1
27 39 4
27 40 3
27 41 3
27 42 6
27 43 1
27 44 3
27 45 3
27 46 3
27 47 3
27 48 6
27 49 2
27 50 3
27 51 4
27 52 0
27 53 6
27 54 3
27 55 0
27 56 0
27 57 5
27 58 4
27 59 3
27 60 0
27 61 0
27 62 4
27 63 2
27 64 5
27 65 3
27 66 1
27 67 1
27 68 3
27 69 6
27 70 4
27 71 1
27 72 3
27 73 4
27 74 2
27 75 5
27 76 3
27 77 4
27 78 1
27 79 4
27 80 1
27 81 6
27 82 4
27 83 6
27 84 1
27 85 3
27 86 4
27 87 4
27 88 2
27 89 4
27 90 1
27 91 3
27 92 2
27 93 1
27 94 2
27 95 0
27 96 0
27 97 2
27 98 1
27 99 3
28 0 1
28 1 6
28 2 3
28 3 0
28 4 0
28 5 3
28 6 1
28 7 6
28 8 3
28 9 6
28 10 3
28 11 6
28 12 3
28 13 4
28 14 1
28 15 3
28 16 1
28 17 5
28 18 5
28 19 3
28 20 5
28 21 3
28 22 6
28 23 3
28 24 1
28 25 5
28 26 0
28 27 2
28 28 6
28 29 6
28 30 0
28 31 3
28 32 3
28 33 2
28 34 0
28 35 3
28 36 5
28 37 5
28 38 0
28 39 1
28 40 1
28 41 0
28 42 3
28 43 2
28 44 5
28 45 3
28 46 4
28 47 0
28 48 6
28 49 2
28 50 4
28 51 0
28 52 6
28 53 3
28 54 2
28 55 0
28 56 4
28 57 6
28 58 3
28 59 4
28 60 0
28 61 4
28 62 0
28 63 3
28 64 3
28 65 3
28 66 0
28 67 5
28 68 2
28 69 3
28 70 5
28 71 0
28 72 6
28 73 6
28 74 2
28 75 3
28 76 1
28 77 5
28 78 0
28 79 3
28 80 5
28 81 0
28 82 3
28 83 2
28 84 2
28 85 4
28 86 0
28 87 5
28 88 5
28 89 3
28 90 4
28 91 6
28 92 6
28 93 3
28 94 3
28 95 0
28 96 0
28 97 4
28 98 4
28 99 2
29 0 0
29 1 0
29 2 2
29 3 0
29 4 1
29 5 1
29 6 1
29 7 3
29 8 6
29 9 0
29 10 2
29 11 0
29 12 5
29 13 2
29 14 0
29 15 1
29 16 3
29 17 5
29 18 6
29 19 3
29 20 6
29 21 2
29 22 5
29 23 3
29 24 0
29 25 3
29 26 2
29 27 0
29 28 1
29 29 4
29 30 6
29 31 2
29 32 5
29 33 0
29 34 6
29 35 2
29 36 3
29 37 6
29 38 2
29 39 6
29 40 4
29 41 5
29 42 6
29 43 4
29 44 1
29 45 6
29 46 4
29 47 4
29 48 1
29 49 3
29 50 6
29 51 5
29 52 0
29 53 3
29 54 1
29 55 4
29 56 0
29 57 2
29 58 0
29 59 3
29 60 4
29 61 0
29 62 5
29 63 0
29 64 3
29 65 2
29 66 5
29 67 0
29 68 6
29 69 4
29 70 4
29 71 3
29 72 2
29 73 0
29 74 2
29 75 5
29 76 5
29 77 2
29 78 5
29 79 1
29 80 0
29 81 1
29 82 2
29 83 5
29 84 3
29 85 1
29 86 5
29 87 4
29 88 5
29 89 5
29 90 6
29 91 0
29 92 2
29 93 5
29 94 3
29 95 2
29 96 5
29 97 5
29 98 4
29 99 3
30 0 1
30 1 6
30 2 6
30 3 3
30 4 4
30 5 3
30 6 1
30 7 2
30 8 1
30 9 6
30 10 6
30 11 1
30 12 1
30 13 1
30 14 4
30 15 0
30 16 4
30 17 6
30 18 3
30 19 2
30 20 6
30 21 1
30 22 0
30 23 0
30 24 6
30 25 0
30 26 4
30 27 6
30 28 4
30 29 0
30 30 2
30 31 4
30 32 6
30 33 6
30 34 1
30 35 6
30 36 4
30 37 0
30 38 6
30 39 1
30 40 0
30 41 6
30 42 2
30 43 2
30 44 2
30 45 5
30 46 6
30 47 6
30 48 2
30 49 6
30 50 4
30 51 5
30 52 2
30 53 3
30 54 4
30 55 1
30 56 0
30 57 4
30 58 2
30 59 5
30 60 4
30 61 3
30 62 4
30 63 5
30 64 2
30 65 5
30 66 0
30 67 4
30 68 3
30 69 5
30 70 1
30 71 5
30 72 0
30 73 0
30 74 2
30 75 3
30 76 4
30 77 2
30 78 3
30 79 5
30 80 4
30 81 6
30 82 5
30 83 4
30 84 5
30 85 3
30 86 2
30 87 3
30 88 1
30 89 1
30 90 4
30 91 2
30 92 1
30 93 6
30 94 3
30 95 0
30 96 0
30 97 1
30 98 0
30 99 3
31 0 5
31 1 2
31 2 4
31 3 3
31 4 0
31 5 2
31 6 6
31 7 0
31 8 5
31 9 2
31 10 4
31 11 2
31 12 6
31 13 1
31 14 3
31 15 5
31 16 4
31 17 0
31 18 1
31 19 5
31 20 6
31 21 1
31 22 3
31 23 1
31 24 0
31 25 4
31 26 1
31 27 3
31 28 3
31 29 0
31 30 3
31 31 6
31 32 0
31 33 3
31 34 0
31 35 2
31 36 4
31 37 0
31 38 5
31 39 6
31 40 3
31 41 4
31 42 3
31 43 3
31 44 0
31 45 4
31 46 0
31 47 3
31 48 5
31 49 1
31 50 5
31 51 2
31 52 6
31 53 6
31 54 0
31 55 4
31 56 2
31 57 5
31 58 4
31 59 6
31 60 3
31 61 1
31 62 5
31 63 4
31 64 2
31 65 3
31 66 2
31 67 0
31 68 4
31 69 2
31 70 5
31 71 5
31 72 4
31 73 1
31 74 4
31 75 6
31 76 4
31 77 0
31 78 3
31 79 4
31 80 3
31 81 0
31 82 1
31 83 4
31 84 0
31 85 2
31 86 6
31 87 1
31 88 3
31 89 3
31 90 3
31 91 6
31 92 3
31 93 0
31 94 3
31 95 4
31 96 1
31 97 0
31 98 2
31 99 5
32 0 0
32 1 5
32 2 0
32 3 3
32 4 4
32 5 3
32 6 4
32 7 3
32 8 6
32 9 3
32 10 0
32 11 3
32 12 0
32 13 2
32 14 1
32 15 3
32 16 5
32 17 0
32 18 3
32 19 5
32 20 5
32 21 1
32 22 2
32 23 2
32 24 6
32 25 3
32 26 6
32 27 2
32 28 3
32 29 3
32 30 2
32 31 2
32 32 1
32 33 1
32 34 4
32 35 1
32 36 4
32 37 4
32 38 3
32 39 2
32 40 6
32 41 3
32 42 1
32 43 2
32 44 0
32 45 4
32 46 5
32 47 3
32 48 2
32 49 6
32 50 1
32 51 5
32 52 3
32 53 6
32 54 3
32 55 5
32 56 2
32 57 5
32 58 2
32 59 0
32 60 4
32 61 1
32 62 3
32 63 1
32 64 4
32 65 4
32 66 3
32 67 1
32 68 2
32 69 6
32 70 4
32 71 2
32 72 0
32 73 3
32 74 6
32 75 1
32 76 2
32 77 6
32 78 3
32 79 2
32 80 2
32 81 0
32 82 6
32 83 4
32 84 4
32 85 0
32 86 0
32 87 6
32 88 4
32 89 0
32 90 6
32 91 5
32 92 3
32 93 4
32 94 3
32 95 5
32 96 5
32 97 0
32 98 2
32 99 3
33 0 4
33 1 5
33 2 2
33 3 2
33 4 2
33 5 0
33 6 1
33 7 6
33 8 1
33 9 3
33 10 1
33 11 3
33 12 3
33 13 2
33 14 5
33 15 0
33 16 1
33 17 2
33 18 5
33 19 5
33 20 6
33 21 3
33 22 0
33 23 6
33 24 1
33 25 3
33 26 3
33 27 1
33 28 5
33 29 6
33 30 1
33 31 3
33 32 0
33 33 5
33 34 1
33 35 5
33 36 5
33 37 0
33 38 2
33 39 0
33 40 4
33 41 2
33 42 1
33 43 4
33 44 3
33 45 0
33 46 2
33 47 3
33 48 0
33 49 6
33 50 3
33 51 0
33 52 5
33 53 5
33 54 3
33 55 0
33 56 6
33 57 4
33 58 2
33 59 2
33 60 3
33 61 1
33 62 6
33 63 1
33 64 4
33 65 1
33 66 2
33 67 3
33 68 3
33 69 6
33 70 0
33 71 5
33 72 3
33 73 2
33 74 4
33 75 5
33 76 1
33 77 0
33 78 2
33 79 2
33 80 4
33 81 5
33 82 1
33 83 5
33 84 6
33 85 5
33 86 4
33 87 2
33 88 3
33 89 2
33 90 6
33 91 2
33 92 6
33 93 4
33 94 1
33 95 4
33 96 6
33 97 5
33 98 4
33 99 1
34 0 0
34 1 3
34 2 5
34 3 5
34 4 1
34 5 1
34 6 0
34 7 4
34 8 1
34 9 1
34 10 5
34 11 4
34 12 6
34 13 0
34 14 5
34 15 3
34 16 5
34 17 3
34 18 5
34 19 4
34 20 2
34 21 5
34 22 2
34 23 2
34 24 2
34 25 1
34 26 3
34 27 5
34 28 5
34 29 2
34 30 4
34 31 6
34 32 0
34 33 6
34 34 6
34 35 0
34 36 6
34 37 0
34 38 4
34 39 4
34 40 5
34 41 6
34 42 2
34 43 1
34 44 3
34 45 4
34 46 0
34 47 4
34 48 3
34 49 4
34 50 0
34 51 5
34 52 1
34 53 5
34 54 2
34 55 3
34 56 4
34 57 4
34 58 0
34 59 4
34 60 1
34 61 5
34 62 0
34 63 0
34 64 2
34 65 5
34 66 1
34 67 3
34 68 5
34 69 5
34 70 2
34 71 1
34 72 3
34 73 6
34 74 5
34 75 5
34 76 5
34 77 0
34 78 5
34 79 3
34 80 6
34 81 0
34 82 4
34 83 3
34 84 6
34 85 1
34 86 4
34 87 4
34 88 5
34 89 6
34 90 3
34 91 3
34 92 4
34 93 5
34 94 3
34 95 4
34 96 1
34 97 0
34 98 6
34 99 5
35 0 2
35 1 6
35 2 4
35 3 0
35 4 0
35 5 1
35 6 5
35 7 4
35 8 6
35 9 1
35 10 6
35 11 3
35 12 2
35 13 3
35 14 1
35 15 1
35 16 5
35 17 5
35 18 4
35 19 6
35 20 2
35 21 2
35 22 3
35 23 6
35 24 1
35 25 0
35 26 3
35 27 0
35 28 6
35 29 6
35 30 2
35 31 5
35 32 6
35 33 4
35 34 5
35 35 4
35 36 2
35 37 2
35 38 3
35 39 3
35 40 6
35 41 3
35 42 5
35 43 2
35 44 5
35 45 0
35 46 6
35 47 2
35 48 5
35 49 1
35 50 5
35 51 2
35 52 6
35 53 3
35 54 3
35 55 0
35 56 5
35 57 0
35 58 4
35 59 2
35 60 2
35 61 6
35 62 3
35 63 6
35 64 2
35 65 3
35 66 0
35 67 1
35 68 5
35 69 5
35 70 1
35 71 2
35 72 2
35 73 4
35 74 6
35 75 2
35 76 5
35 77 5
35 78 5
35 79 0
35 80 0
35 81 2
35 82 6
35 83 6
35 84 4
35 85 0
35 86 0
35 87 1
35 88 6
35 89 3
35 90 2
35 91 2
35 92 5
35 93 4
35 94 2
35 95 3
35 96 5
35 97 3
35 98 3
35 99 3
36 0 1
36 1 6
36 2 2
36 3 1
36 4 6
36 5 5
36 6 2
36 7 2
36 8 6
36 9 5
36 10 1
36 11 6
36 12 1
36 13 4
36 14 4
36 15 5
36 16 2
36 17 1
36 18 5
36 19 5
36 20 5
36 21 4
36 22 2
36 23 6
36 24 0
36 25 0
36 26 4
36 27 4
36 28 6
36 29 2
36 30 5
36 31 6
36 32 6
36 33 3
36 34 3
36 35 0
36 36 5
36 37 0
36 38 3
36 39 5
36 40 4
36 41 6
36 42 3
36 43 5
36 44 0
36 45 2
36 46 0
36 47 4
36 48 4
36 49 2
36 50 4
36 51 2
36 52 5
36 53 4
36 54 6
36 55 2
36 56 3
36 57 2
36 58 6
36 59 3
36 60 0
36 61 0
36 62 6
36 63 3
36 64 2
36 65 2
36 66 3
36 67 5
36 68 6
36 69 3
36 70 1
36 71 2
36 72 0
36 73 1
36 74 4
36 75 2
36 76 0
36 77 5
36 78 4
36 79 1
36 80 2
36 81 6
36 82 5
36 83 0
36 84 0
36 85 3
36 86 6
36 87 5
36 88 2
36 89 3
36 90 2
36 91 4
36 92 1
36 93 3
36 94 6
36 95 0
36 96 3
36 97 4
36 98 3
36 99 4
37 0 1
37 1 2
37 2 3
37 3 3
37 4 5
37 5 0
37 6 0
37 7 2
37 8 2
37 9 4
37 10 0
37 11 4
37 12 4
37 13 0
37 14 4
37 15 1
37 16 0
37 17 3
37 18 0
37 19 0
37 20 0
37 21 2
37 22 0
37 23 5
37 24 6
37 25 5
37 26 3
37 27 4
37 28 4
37 29 2
37 30 6
37 31 4
37 32 6
37 33 4
37 34 6
37 35 5
37 36 3
37 37 5
37 38 2
37 39 6
37 40 5
37 41 2
37 42 4
37 43 2
37 44 4
37 45 2
37 46 0
37 47 0
37 48 5
37 49 2
37 50 2
37 51 2
37 52 4
37 53 2
37 54 3
37 55 4
37 56 6
37 57 2
37 58 0
37 59 5
37 60 2
37 61 2
37 62 3
37 63 1
37 64 0
37 65 5
37 66 4
37 67 2
37 68 0
37 69 4
37 70 0
37 71 1
37 72 0
37 73 1
37 74 1
37 75 4
37 76 1
37 77 6
37 78 5
37 79 2
37 80 3
37 81 3
37 82 4
37 83 5
37 84 5
37 85 1
37 86 3
37 87 0
37 88 5
37 89 1
37 90 3
37 91 0
37 92 0
37 93 3
37 94 0
37 95 0
37 96 6
37 97 4
37 98 2
37 99 0
38 0 6
38 1 0
38 2 1
38 3 2
38 4 0
38 5 0
38 6 1
38 7 4
38 8 5
38 9 1
38 10 1
38 11 0
38 12 0
38 13 3
38 14 1
38 15 2
38 16 1
38 17 4
38 18 0
38 19 0
38 20 6
38 21 1
38 22 5
38 23 6
38 24 2
38 25 2
38 26 6
38 27 3
38 28 0
38 29 4
38 30 0
38 31 5
38 32 4
38 33 5
38 34 6
38 35 0
38 36 3
38 37 3
38 38 0
38 39 3
38 40 4
38 41 1
38 42 6
38 43 1
38 44 1
38 45 5
38 46 0
38 47 2
38 48 0
38 49 3
38 50 2
38 51 6
38 52 2
38 53 6
38 54 2
38 55 6
38 56 2
38 57 4
38 58 2
38 59 4
38 60 5
38 61 2
38 62 0
38 63 3
38 64 1
38 65 6
38 66 1
38 67 3
38 68 5
38 69 5
38 70 4
38 71 2
38 72 6
38 73 5
38 74 0
38 75 3
38 76 4
38 77 3
38 78 1
38 79 1
38 80 1
38 81 0
38 82 2
38 83 0
38 84 1
38 85 3
38 86 1
38 87 1
38 88 4
38 89 4
38 90 2
38 91 0
38 92 5
38 93 3
38 94 4
38 95 3
38 96 3
38 97 0
38 98 2
38 99 4
39 0 3
39 1 4
39 2 5
39 3 1
39 4 1
39 5 1
39 6 2
39 7 6
39 8 1
39 9 5
39 10 0
39 11 4
39 12 3
39 13 1
39 14 5
39 15 4
39 16 3
39 17 0
39 18 3
39 19 0
39 20 2
39 21 5
39 22 0
39 23 4
39 24 2
39 25 0
39 26 4
39 27 3
39 28 5
39 29 0
39 30 6
39 31 1
39 32 5
39 33 4
39 34 6
39 35 4
39 36 0
39 37 2
39 38 2
39 39 2
39 40 6
39 41 2
39 42 4
39 43 2
39 44 3
39 45 5
39 46 5
39 47 6
39 48 3
39 49 5
39 50 0
39 51 0
39 52 1
39 53 3
39 54 6
39 55 5
39 56 6
39 57 1
39 58 1
39 59 0
39 60 5
39 61 0
39 62 3
39 63 6
39 64 1
39 65 4
39 66 0
39 67 0
39 68 2
39 69 2
39 70 2
39 71 2
39 72 4
39 73 3
39 74 0
39 75 2
39 76 1
39 77 5
39 78 6
39 79 3
39 80 1
39 81 1
39 82 1
39 83 1
39 84 2
39 85 1
39 86 0
39 87 1
39 88 5
39 89 6
39 90 2
39 91 1
39 92 6
39 93 4
39 94 4
39 95 2
39 96 4
39 97 2
39 98 4
39 99 5
40 0 2
40 1 2
40 2 0
40 3 5
40 4 1
40 5 5
40 6 4
40 7 2
40 8 3
40 9 4
40 10 1
40 11 3
40 12 6
40 13 1
40 14 3
40 15 3
40 16 3
40 17 6
40 18 2
40 19 3
40 20 2
40 21 4
40 22 4
40 23 5
40 24 2
40 25 3
40 26 1
40 27 3
40 28 3
40 29 1
40 30 6
40 31 3
40 32 3
40 33 4
40 34 5
40 35 3
40 36 0
40 37 2
40 38 5
40 39 1
40 40 2
40 41 6
40 42 3
40 43 1
40 44 3
40 45 3
40 46 6
40 47 5
40 48 2
40 49 5
40 50 4
40 51 4
40 52 1
40 53 4
40 54 3
40 55 5
40 56 0
40 57 5
40 58 4
40 59 6
40 60 4
40 61 1
40 62 1
40 63 4
40 64 2
40 65 1
40 66 1
40 67 5
40 68 5
40 69 4
40 70 3
40 71 4
40 72 1
40 73 2
40 74 2
40 75 5
40 76 6
40 77 0
40 78 4
40 79 3
40 80 6
40 81 0
40 82 4
40 83 4
40 84 1
40 85 6
40 86 2
40 87 0
40 88 1
40 89 6
40 90 6
40 91 0
40 92 5
40 93 3
40 94 5
40 95 4
40 96 6
40 97 4
40 98 6
40 99 1
41 0 0
41 1 0
41 2 3
41 3 0
41 4 0
41 5 0
41 6 3
41 7 1
41 8 5
41 9 0
41 10 6
41 11 2
41 12 5
41 13 2
41 14 5
41 15 6
41 16 3
41 17 3
41 18 2
41 19 4
41 20 2
41 21 3
41 22 6
41 23 2
41 24 1
41 25 2
41 26 0
41 27 6
41 28 6
41 29 1
41 30 2
41 31 3
41 32 4
41 33 3
41 34 6
41 35 2
41 36 4
41 37 6
41 38 0
41 39 3
41 40 4
41 41 6
41 42 5
41 43 4
41 44 2
41 45 6
41 46 4
41 47 1
41 48 0
41 49 5
41 50 3
41 51 6
41 52 6
41 53 5
41 54 3
41 55 5
41 56 0
41 57 3
41 58 5
41 59 1
41 60 3
41 61 0
41 62 5
41 63 2
41 64 4
41 65 4
41 66 3
41 67 5
41 68 5
41 69 3
41 70 4
41 71 6
41 72 5
41 73 6
41 74 2
41 75 3
41 76 6
41 77 3
41 78 4
41 79 3
41 80 3
41 81 5
41 82 0
41 83 3
41 84 5
41 85 1
41 86 5
41 87 6
41 88 5
41 89 1
41 90 1
41 91 5
41 92 1
41 93 2
41 94 4
41 95 3
41 96 2
41 97 5
41 98 4
41 99 0
42 0 0
42 1 2
42 2 6
42 3 4
42 4 4
42 5 2
42 6 0
42 7 6
42 8 2
42 9 0
42 10 5
42 11 4
42 12 5
42 13 2
42 14 1
42 15 3
42 16 2
42 17 4
42 18 1
42 19 3
42 20 6
42 21 2
42 22 2
42 23 2
42 24 4
42 25 0
42 26 1
42 27 0
42 28 2
42 29 3
42 30 2
42 31 1
42 32 5
42 33 3
42 34 2
42 35 4
42 36 4
42 37 2
42 38 4
42 39 0
42 40 3
42 41 3
42 42 3
42 43 0
42 44 2
42 45 1
42 46 4
42 47 6
42 48 5
42 49 0
42 50 4
42 51 0
42 52 1
42 53 6
42 54 3
42 55 1
42 56 1
42 57 5
42 58 2
42 59 2
42 60 3
42 61 1
42 62 0
42 63 1
42 64 3
42 65 1
42 66 1
42 67 6
42 68 0
42 69 5
42 70 2
42 71 1
42 72 6
42 73 0
42 74 1
42 75 3
42 76 4
42 77 1
42 78 2
42 79 5
42 80 6
42 81 6
42 82 2
42 83 0
42 84 4
42 85 1
42 86 5
42 87 0
42 88 2
42 89 4
42 90 6
42 91 0
42 92 3
42 93 4
42 94 6
42 95 4
42 96 1
42 97 4
42 98 1
42 99 2
43 0 3
43 1 0
43 2 6
43 3 5
43 4 5
43 5 5
43 6 4
43 7 0
43 8 0
43 9 1
43 10 4
43 11 5
43 12 2
43 13 1
43 14 2
43 15 3
43 16 5
43 17 5
43 18 2
43 19 5
43 20 5
43 21 1
43 22 3
43 23 6
43 24 2
43 25 0
43 26 3
43 27 5
43 28 1
43 29 3
43 30 6
43 31 4
43 32 6
43 33 6
43 34 1
43 35 0
43 36 0
43 37 6
43 38 2
43 39 1
43 40 3
43 41 3
43 42 5
43 43 1
43 44 5
43 45 4
43 46 5
43 47 3
43 48 2
43 49 4
43 50 2
43 51 6
43 52 2
43 53 1
43 54 6
43 55 4
43 56 1
43 57 3
43 58 4
43 59 1
43 60 2
43 61 3
43 62 6
43 63 6
43 64 0
43 65 5
43 66 3
43 67 6
43 68 5
43 69 2
43 70 4
43 71 2
43 72 5
43 73 1
43 74 0
43 75 5
43 76 5
43 77 3
43 78 6
43 79 1
43 80 4
43 81 0
43 82 0
43 83 6
43 84 6
43 85 3
43 86 4
43 87 2
43 88 1
43 89 6
43 90 2
43 91 3
43 92 3
43 93 0
43 94 0
43 95 2
43 96 3
43 97 0
43 98 4
43 99 4
44 0 4
44 1 2
44 2 2
44 3 4
44 4 5
44 5 5
44 6 6
44 7 1
44 8 4
44 9 2
44 10 1
44 11 2
44 12 5
44 13 5
44 14 6
44 15 5
44 16 0
44 17 0
44 18 5
44 19 1
44 20 3
44 21 4
44 22 6
44 23 0
44 24 0
44 25 5
44 26 2
44 27 1
44 28 5
44 29 4
44 30 5
44 31 3
44 32 1
44 33 6
44 34 3
44 35 5
44 36 2
44 37 5
44 38 1
44 39 1
44 40 4
44 41 4
44 42 6
44 43 1
44 44 3
44 45 2
44 46 6
44 47 4
44 48 6
44 49 3
44 50 3
44 51 6
44 52 4
44 53 6
44 54 6
44 55 2
44 56 3
44 57 5
44 58 4
44 59 1
44 60 6
44 61 5
44 62 4
44 63 0
44 64 4
44 65 6
44 66 3
44 67 4
44 68 5
44 69 1
44 70 5
44 71 6
44 72 6
44 73 3
44 74 3
44 75 2
44 76 3
44 77 3
44 78 4
44 79 6
44 80 5
44 81 0
44 82 1
44 83 1
44 84 6
44 85 2
44 86 4
44 87 3
44 88 1
44 89 4
44 90 5
44 91 4
44 92 6
44 93 0
44 94 5
44 95 3
44 96 2
44 97 0
44 98 1
44 99 2
45 0 1
45 1 5
45 2 4
45 3 4
45 4 2
45 5 2
45 6 5
45 7 2
45 8 5
45 9 5
45 10 5
45 11 5
45 12 0
45 13 3
45 14 6
45 15 1
45 16 0
45 17 1
45 18 5
45 19 2
45 20 0
45 21 6
45 22 6
45 23 2
45 24 1
45 25 6
45 26 2
45 27 4
45 28 4
45 29 2
45 30 1
45 31 4
45 32 1
45 33 3
45 34 4
45 35 3
45 36 2
45 37 2
45 38 0
45 39 5
45 40 5
45 41 1
45 42 5
45 43 0
45 44 1
45 45 2
45 46 2
45 47 5
45 48 2
45 49 1
45 50 0
45 51 5
45 52 6
45 53 3
45 54 0
45 55 6
45 56 0
45 57 1
45 58 4
45 59 6
45 60 0
45 61 6
45 62 2
45 63 3
45 64 6
45 65 0
45 66 5
45 67 4
45 68 2
45 69 6
45 70 2
45 71 3
45 72 6
45 73 2
45 74 6
45 75 6
45 76 0
45 77 6
45 78 2
45 79 0
45 80 4
45 81 5
45 82 0
45 83 4
45 84 2
45 85 3
45 86 0
45 87 2
45 88 4
45 89 5
45 90 3
45 91 6
45 92 3
45 93 1
45 94 3
45 95 6
45 96 5
45 97 1
45 98 3
45 99 3
46 0 2
46 1 5
46 2 6
46 3 4
46 4 1
46 5 4
46 6 4
46 7 4
46 8 1
46 9 3
46 10 5
46 11 2
46 12 0
46 13 4
46 14 2
46 15 5
46 16 6
46 17 2
46 18 1
46 19 6
46 20 1
46 21 2
46 22 5
46 23 5
46 24 4
46 25 0
46 26 4
46 27 3
46 28 6
46 29 4
46 30 0
46 31 1
46 32 1
46 33 6
46 34 3
46 35 3
46 36 6
46 37 6
46 38 5
46 39 1
46 40 5
46 41 0
46 42 1
46 43 3
46 44 1
46 45 4
46 46 2
46 47 1
46 48 1
46 49 0
46 50 6
46 51 3
46 52 3
46 53 1
46 54 3
46 55 1
46 56 3
46 57 3
46 58 5
46 59 3
46 60 5
46 61 5
46 62 0
46 63 4
46 64 4
46 65 4
46 66 0
46 67 0
46 68 6
46 69 5
46 70 5
46 71 6
46 72 4
46 73 2
46 74 2
46 75 4
46 76 1
46 77 6
46 78 4
46 79 2
46 80 6
46 81 2
46 82 6
46 83 3
46 84 3
46 85 1
46 86 1
46 87 4
46 88 5
46 89 4
46 90 0
46 91 0
46 92 4
46 93 5
46 94 1
46 95 3
46 96 3
46 97 6
46 98 6
46 99 0
47 0 3
47 1 3
47 2 4
47 3 5
47 4 2
47 5 2
47 6 6
47 7 6
47 8 3
47 9 3
47 10 3
47 11 1
47 12 4
47 13 5
47 14 1
47 15 3
47 16 3
47 17 3
47 18 3
47 19 1
47 20 1
47 21 0
47 22 4
47 23 0
47 24 1
47 25 4
47 26 4
47 27 3
47 28 2
47 29 2
47 30 1
47 31 3
47 32 6
47 33 2
47 34 3
47 35 5
47 36 4
47 37 3
47 38 2
47 39 0
47 40 4
47 41 0
47 42 5
47 43 1
47 44 1
47 45 6
47 46 0
47 47 2
47 48 0
47 49 6
47 50 0
47 51 4
47 52 1
47 53 6
47 54 1
47 55 2
47 56 1
47 57 0
47 58 6
47 59 3
47 60 4
47 61 6
47 62 6
47 63 6
47 64 0
47 65 6
47 66 5
47 67 1
47 68 1
47 69 3
47 70 6
47 71 5
47 72 4
47 73 4
47 74 4
47 75 4
47 76 2
47 77 5
47 78 4
47 79 5
47 80 2
47 81 4
47 82 0
47 83 5
47 84 5
47 85 0
47 86 4
47 87 3
47 88 2
47 89 3
47 90 5
47 91 1
47 92 1
47 93 4
47 94 0
47 95 6
47 96 6
47 97 5
47 98 6
47 99 5
48 0 2
48 1 3
48 2 2
48 3 6
48 4 2
48 5 2
48 6 0
48 7 2
48 8 6
48 9 0
48 10 5
48 11 6
48 12 0
48 13 4
48 14 5
48 15 2
48 16 1
48 17 0
48 18 2
48 19 3
48 20 0
48 21 4
48 22 4
48 23 2
48 24 5
48 25 1
48 26 2
48 27 1
48 28 6
48 29 4
48 30 6
48 31 5
48 32 2
48 33 0
48 34 3
48 35 0
48 36 2
48 37 6
48 38 5
48 39 3
48 40 4
48 41 4
48 42 3
48 43 2
48 44 0
48 45 2
48 46 0
48 47 1
48 48 0
48 49 4
48 50 6
48 51 4
48 52 5
48 53 4
48 54 4
48 55 6
48 56 2
48 57 0
48 58 2
48 59 3
48 60 3
48 61 5
48 62 6
48 63 6
48 64 0
48 65 6
48 66 6
48 67 5
48 68 4
48 69 6
48 70 6
48 71 0
48 72 5
48 73 2
48 74 6
48 75 0
48 76 3
48 77 2
48 78 5
48 79 5
48 80 1
48 81 2
48 82 4
48 83 2
48 84 2
48 85 1
48 86 6
48 87 2
48 88 6
48 89 2
48 90 3
48 91 5
48 92 1
48 93 5
48 94 1
48 95 5
48 96 6
48 97 5
48 98 5
48 99 3
49 0 0
49 1 2
49 2 3
49 3 1
49 4 4
49 5 3
49 6 1
49 7 2
49 8 5
49 9 2
49 10 6
49 11 5
49 12 6
49 13 3
49 14 2
49 15 2
49 16 6
49 17 2
49 18 3
49 19 2
49 20 1
49 21 2
49 22 3
49 23 1
49 24 1
49 25 4
49 26 5
49 27 3
49 28 1
49 29 4
49 30 6
49 31 0
49 32 3
49 33 0
49 34 2
49 35 0
49 36 1
49 37 5
49 38 3
49 39 1
49 40 4
49 41 5
49 42 3
49 43 4
49 44 5
49 45 6
49 46 3
49 47 4
49 48 0
49 49 1
49 50 4
49 51 4
49 52 6
49 53 3
49 54 4
49 55 4
49 56 4
49 57 0
49 58 5
49 59 4
49 60 4
49 61 5
49 62 3
49 63 6
49 64 5
49 65 3
49 66 2
49 67 5
49 68 2
49 69 5
49 70 2
49 71 0
49 72 1
49 73 1
49 74 0
49 75 0
49 76 4
49 77 3
49 78 6
49 79 5
49 80 0
49 81 3
49 82 4
49 83 4
49 84 3
49 85 0
49 86 3
49 87 3
49 88 0
49 89 0
49 90 2
49 91 2
49 92 2
49 93 1
49 94 3
49 95 0
49 96 6
49 97 4
49 98 2
49 99 1
50 0 2
50 1 3
50 2 2
50 3 5
50 4 3
50 5 3
50 6 2
50 7 3
50 8 5
50 9 1
50 10 6
50 11 4
50 12 3
50 13 6
50 14 2
50 15 1
50 16 5
50 17 6
50 18 2
50 19 5
50 20 0
50 21 6
50 22 2
50 23 1
50 24 2
50 25 3
50 26 5
50 27 2
50 28 6
50 29 6
50 30 4
50 31 5
50 32 0
50 33 6
50 34 6
50 35 3
50 36 4
50 37 2
50 38 5
50 39 0
50 40 1
50 41 3
50 42 4
50 43 5
50 44 5
50 45 1
50 46 0
50 47 5
50 48 5
50 49 3
50 50 6
50 51 0
50 52 3
50 53 2
50 54 0
50 55 5
50 56 6
50 57 0
50 58 1
50 59 2
50 60 3
50 61 0
50 62 0
50 63 1
50 64 1
50 65 2
50 66 3
50 67 1
50 68 3
50 69 1
50 70 1
50 71 2
50 72 6
50 73 0
50 74 3
50 75 4
50 76 6
50 77 4
50 78 4
50 79 4
50 80 4
50 81 5
50 82 1
50 83 2
50 84 1
50 85 1
50 86 2
50 87 3
50 88 1
50 89 3
50 90 2
50 91 0
50 92 6
50 93 1
50 94 6
50 95 3
50 96 1
50 97 6
50 98 5
50 99 3
51 0 2
51 1 3
51 2 0
51 3 6
51 4 0
51 5 3
51 6 6
51 7 3
51 8 0
51 9 4
51 10 1
51 11 2
51 12 0
51 13 5
51 14 1
51 15 2
51 16 4
51 17 1
51 18 6
51 19 1
51 20 0
51 21 1
51 22 4
51 23 6
51 24 1
51 25 6
51 26 4
51 27 5
51 28 6
51 29 3
51 30 5
51 31 4
51 32 4
51 33 2
51 34 4
51 35 4
51 36 4
51 37 1
51 38 5
51 39 0
51 40 4
51 41 2
51 42 0
51 43 4
51 44 2
51 45 1
51 46 6
51 47 5
51 48 0
51 49 0
51 50 2
51 51 2
51 52 3
51 53 0
51 54 6
51 55 2
51 56 4
51 57 5
51 58 5
51 59 1
51 60 1
51 61 0
51 62 5
51 63 2
51 64 3
51 65 2
51 66 3
51 67 6
51 68 6
51 69 6
51 70 3
51 71 5
51 72 5
51 73 4
51 74 2
51 75 5
51 76 4
51 77 5
51 78 1
51 79 6
51 80 2
51 81 5
51 82 3
51 83 4
51 84 5
51 85 2
51 86 4
51 87 3
51 88 0
51 89 4
51 90 3
51 91 4
51 92 5
51 93 1
51 94 6
51 95 4
51 96 2
51 97 6
51 98 5
51 99 4
52 0 4
52 1 5
52 2 5
52 3 4
52 4 0
52 5 2
52 6 2
52 7 4
52 8 5
52 9 4
52 10 2
52 11 0
52 12 3
52 13 0
52 14 6
52 15 5
52 16 4
52 17 6
52 18 5
52 19 2
52 20 1
52 21 2
52 22 3
52 23 6
52 24 5
52 25 1
52 26 0
52 27 6
52 28 6
52 29 0
52 30 0
52 31 2
52 32 4
52 33 1
52 34 5
52 35 0
52 36 2
52 37 2
52 38 4
52 39 4
52 40 1
52 41 0
52 42 4
52 43 2
52 44 3
52 45 2
52 46 2
52 47 0
52 48 4
52 49 4
52 50 1
52 51 0
52 52 3
52 53 1
52 54 4
52 55 6
52 56 2
52 57 6
52 58 0
52 59 2
52 60 0
52 61 3
52 62 4
52 63 4
52 64 1
52 65 0
52 66 2
52 67 2
52 68 0
52 69 5
52 70 5
52 71 5
52 72 2
52 73 3
52 74 2
52 75 0
52 76 0
52 77 6
52 78 0
52 79 0
52 80 3
52 81 1
52 82 0
52 83 3
52 84 1
52 85 5
52 86 4
52 87 0
52 88 0
52 89 6
52 90 6
52 91 1
52 92 3
52 93 1
52 94 0
52 95 4
52 96 5
52 97 6
52 98 1
52 99 5
53 0 3
53 1 2
53 2 3
53 3 5
53 4 3
53 5 3
53 6 5
53 7 3
53 8 0
53 9 3
53 10 1
53 11 5
53 12 1
53 13 0
53 14 2
53 15 2
53 16 5
53 17 1
53 18 2
53 19 6
53 20 1
53 21 5
53 22 1
53 23 6
53 24 5
53 25 4
53 26 0
53 27 4
53 28 4
53 29 4
53 30 0
53 31 1
53 32 1
53 33 0
53 34 1
53 35 3
53 36 6
53 37 3
53 38 3
53 39 5
53 40 4
53 41 6
53 42 2
53 43 6
53 44 2
53 45 0
53 46 2
53 47 3
53 48 2
53 49 6
53 50 4
53 51 1
53 52 4
53 53 2
53 54 5
53 55 5
53 56 2
53 57 6
53 58 1
53 59 4
53 60 1
53 61 1
53 62 4
53 63 3
53 64 1
53 65 4
53 66 3
53 67 1
53 68 2
53 69 0
53 70 1
53 71 4
53 72 5
53 73 5
53 74 0
53 75 3
53 76 2
53 77 2
53 78 4
53 79 1
53 80 1
53 81 6
53 82 4
53 83 4
53 84 4
53 85 0
53 86 2
53 87 1
53 88 5
53 89 5
53 90 2
53 91 0
53 92 1
53 93 6
53 94 2
53 95 1
53 96 5
53 97 6
53 98 2
53 99 2
54 0 3
54 1 2
54 2 3
54 3 2
54 4 4
54 5 0
54 6 3
54 7 0
54 8 0
54 9 3
54 10 2
54 11 4
54 12 3
54 13 3
54 14 6
54 15 4
54 16 3
54 17 5
54 18 6
54 19 2
54 20 2
54 21 6
54 22 3
54 23 5
54 24 1
54 25 6
54 26 2
54 27 6
54 28 4
54 29 3
54 30 0
54 31 0
54 32 3
54 33 6
54 34 4
54 35 0
54 36 5
54 37 5
54 38 3
54 39 6
54 40 3
54 41 5
54 42 3
54 43 3
54 44 1
54 45 1
54 46 1
54 47 2
54 48 0
54 49 0
54 50 1
54 51 5
54 52 5
54 53 1
54 54 0
54 55 1
54 56 2
54 57 2
54 58 6
54 59 1
54 60 3
54 61 0
54 62 2
54 63 6
54 64 2
54 65 4
54 66 2
54 67 3
54 68 1
54 69 6
54 70 2
54 71 0
54 72 3
54 73 1
54 74 0
54 75 0
54 76 4
54 77 0
54 78 4
54 79 3
54 80 3
54 81 5
54 82 4
54 83 2
54 84 5
54 85 1
54 86 1
54 87 3
54 88 0
54 89 3
54 90 4
54 91 0
54 92 0
54 93 6
54 94 3
54 95 3
54 96 5
54 97 0
54 98 6
54 99 3
55 0 3
55 1 0
55 2 3
55 3 6
55 4 0
55 5 6
55 6 3
55 7 0
55 8 3
55 9 0
55 10 4
55 11 4
55 12 3
55 13 1
55 14 6
55 15 4
55 16 1
55 17 1
55 18 2
55 19 1
55 20 4
55 21 1
55 22 6
55 23 1
55 24 1
55 25 6
55 26 2
55 27 0
55 28 0
55 29 2
55 30 4
55 31 2
55 32 5
55 33 4
55 34 4
55 35 4
55 36 0
55 37 3
55 38 3
55 39 3
55 40 2
55 41 1
55 42 4
55 43 2
55 44 6
55 45 2
55 46 4
55 47 1
55 48 3
55 49 0
55 50 1
55 51 0
55 52 5
55 53 2
55 54 0
55 55 4
55 56 2
55 57 4
55 58 0
55 59 6
55 60 5
55 61 1
55 62 4
55 63 5
55 64 5
55 65 0
55 66 2
55 67 2
55 68 2
55 69 5
55 70 4
55 71 1
55 72 1
55 73 4
55 74 2
55 75 4
55 76 5
55 77 5
55 78 6
55 79 6
55 80 1
55 81 0
55 82 6
55 83 6
55 84 4
55 85 6
55 86 5
55 87 0
55 88 1
55 89 5
55 90 4
55 91 5
55 92 6
55 93 0
55 94 0
55 95 4
55 96 1
55 97 0
55 98 4
55 99 6
56 0 2
56 1 0
56 2 3
56 3 0
56 4 2
56 5 0
56 6 4
56 7 6
56 8 2
56 9 3
56 10 4
56 11 3
56 12 0
56 13 4
56 14 5
56 15 0
56 16 6
56 17 5
56 18 2
56 19 5
56 20 6
56 21 3
56 22 2
56 23 6
56 24 1
56 25 4
56 26 2
56 27 5
56 28 6
56 29 5
56 30 1
56 31 0
56 32 1
56 33 6
56 34 1
56 35 3
56 36 6
56 37 4
56 38 5
56 39 0
56 40 3
56 41 0
56 42 0
56 43 5
56 44 3
56 45 3
56 46 6
56 47 4
56 48 3
56 49 1
56 50 0
56 51 0
56 52 0
56 53 5
56 54 1
56 55 3
56 56 6
56 57 3
56 58 1
56 59 6
56 60 3
56 61 5
56 62 6
56 63 2
56 64 2
56 65 4
56 66 1
56 67 2
56 68 5
56 69 4
56 70 1
56 71 6
56 72 2
56 73 6
56 74 2
56 75 4
56 76 0
56 77 6
56 78 2
56 79 1
56 80 4
56 81 4
56 82 3
56 83 6
56 84 2
56 85 3
56 86 2
56 87 1
56 88 2
56 89 6
56 90 1
56 91 6
56 92 0
56 93 3
56 94 5
56 95 4
56 96 0
56 97 4
56 98 5
56 99 4
57 0 1
57 1 0
57 2 2
57 3 6
57 4 4
57 5 4
57 6 5
57 7 0
57 8 3
57 9 3
57 10 0
57 11 4
57 12 4
57 13 6
57 14 5
57 15 4
57 16 0
57 17 0
57 18 4
57 19 6
57 20 3
57 21 0
57 22 6
57 23 4
57 24 1
57 25 1
57 26 1
57 27 6
57 28 5
57 29 0
57 30 2
57 31 2
57 32 5
57 33 3
57 34 4
57 35 4
57 36 3
57 37 3
57 38 5
57 39 6
57 40 1
57 41 4
57 42 0
57 43 1
57 44 1
57 45 0
57 46 0
57 47 3
57 48 6
57 49 2
57 50 6
57 51 0
57 52 6
57 53 6
57 54 1
57 55 5
57 56 5
57 57 3
57 58 5
57 59 4
57 60 5
57 61 0
57 62 2
57 63 6
57 64 5
57 65 2
57 66 0
57 67 1
57 68 5
57 69 3
57 70 6
57 71 2
57 72 6
57 73 1
57 74 3
57 75 0
57 76 4
57 77 4
57 78 1
57 79 3
57 80 0
57 81 5
57 82 5
57 83 5
57 84 3
57 85 3
57 86 0
57 87 2
57 88 1
57 89 6
57 90 5
57 91 6
57 92 2
57 93 4
57 94 6
57 95 6
57 96 3
57 97 5
57 98 6
57 99 5
58 0 2
58 1 2
58 2 0
58 3 3
58 4 0
58 5 3
58 6 2
58 7 4
58 8 6
58 9 5
58 10 5
58 11 5
58 12 0
58 13 0
58 14 6
58 15 4
58 16 3
58 17 4
58 18 0
58 19 1
58 20 5
58 21 4
58 22 0
58 23 5
58 24 3
58 25 4
58 26 1
58 27 6
58 28 0
58 29 5
58 30 3
58 31 0
58 32 3
58 33 1
58 34 4
58 35 0
58 36 3
58 37 2
58 38 1
58 39 5
58 40 0
58 41 0
58 42 6
58 43 0
58 44 3
58 45 0
58 46 3
58 47 5
58 48 1
58 49 1
58 50 2
58 51 2
58 52 6
58 53 6
58 54 5
58 55 5
58 56 2
58 57 4
58 58 6
58 59 3
58 60 5
58 61 6
58 62 4
58 63 6
58 64 3
58 65 1
58 66 5
58 67 6
58 68 6
58 69 3
58 70 3
58 71 5
58 72 3
58 73 1
58 74 2
58 75 3
58 76 5
58 77 0
58 78 2
58 79 0
58 80 1
58 81 2
58 82 4
58 83 5
58 84 4
58 85 2
58 86 3
58 87 2
58 88 0
58 89 0
58 90 4
58 91 2
58 92 3
58 93 4
58 94 5
58 95 6
58 96 2
58 97 1
58 98 0
58 99 5
59 0 0
59 1 3
59 2 4
59 3 3
59 4 3
59 5 2
59 6 6
59 7 1
59 8 5
59 9 4
59 10 6
59 11 3
59 12 0
59 13 0
59 14 5
59 15 6
59 16 6
59 17 5
59 18 6
59 19 0
59 20 3
59 21 5
59 22 1
59 23 4
59 24 3
59 25 6
59 26 4
59 27 6
59 28 0
59 29 2
59 30 1
59 31 4
59 32 4
59 33 1
59 34 2
59 35 2
59 36 0
59 37 5
59 38 3
59 39 6
59 40 5
59 41 5
59 42 6
59 43 4
59 44 3
59 45 2
59 46 3
59 47 6
59 48 4
59 49 1
59 50 0
59 51 5
59 52 6
59 53 1
59 54 3
59 55 0
59 56 3
59 57 2
59 58 3
59 59 5
59 60 0
59 61 1
59 62 1
59 63 1
59 64 2
59 65 3
59 66 0
59 67 4
59 68 1
59 69 6
59 70 0
59 71 5
59 72 1
59 73 3
59 74 4
59 75 6
59 76 2
59 77 2
59 78 5
59 79 1
59 80 1
59 81 3
59 82 2
59 83 4
59 84 0
59 85 6
59 86 0
59 87 4
59 88 5
59 89 4
59 90 3
59 91 6
59 92 6
59 93 3
59 94 3
59 95 4
59 96 4
59 97 5
59 98 2
59 99 5
60 0 5
60 1 5
60 2 2
60 3 0
60 4 4
60 5 6
60 6 2
60 7 3
60 8 0
60 9 5
60 10 2
60 11 2
60 12 5
60 13 2
60 14 3
60 15 0
60 16 1
60 17 6
60 18 0
60 19 2
60 20 4
60 21 4
60 22 2
60 23 4
60 24 1
60 25 5
60 26 2
60 27 6
60 28 5
60 29 6
60 30 2
60 31 4
60 32 4
60 33 2
60 34 4
60 35 0
60 36 1
60 37 5
60 38 6
60 39 3
60 40 2
60 41 4
60 42 6
60 43 5
60 44 0
60 45 5
60 46 4
60 47 4
60 48 1
60 49 1
60 50 5
60 51 6
60 52 0
60 53 6
60 54 4
60 55 3
60 56 2
60 57 0
60 58 3
60 59 3
60 60 6
60 61 6
60 62 1
60 63 2
60 64 2
60 65 5
60 66 1
60 67 1
60 68 3
60 69 1
60 70 0
60 71 1
60 72 0
60 73 4
60 74 2
60 75 6
60 76 6
60 77 6
60 78 3
60 79 3
60 80 1
60 81 4
60 82 3
60 83 4
60 84 3
60 85 3
60 86 2
60 87 4
60 88 3
60 89 5
60 90 2
60 91 2
60 92 0
60 93 4
60 94 4
60 95 0
60 96 1
60 97 5
60 98 5
60 99 6
61 0 4
61 1 4
61 2 6
61 3 0
61 4 6
61 5 1
61 6 1
61 7 4
61 8 4
61 9 6
61 10 1
61 11 6
61 12 0
61 13 4
61 14 1
61 15 6
61 16 3
61 17 5
61 18 1
61 19 4
61 20 6
61 21 3
61 22 0
61 23 1
61 24 0
61 25 0
61 26 2
61 27 0
61 28 0
61 29 2
61 30 2
61 31 5
61 32 5
61 33 4
61 34 3
61 35 1
61 36 6
61 37 5
61 38 0
61 39 6
61 40 2
61 41 6
61 42 3
61 43 2
61 44 3
61 45 0
61 46 0
61 47 0
61 48 0
61 49 6
61 50 0
61 51 2
61 52 5
61 53 3
61 54 3
61 55 0
61 56 4
61 57 6
61 58 3
61 59 2
61 60 4
61 61 0
61 62 1
61 63 5
61 64 2
61 65 6
61 66 6
61 67 3
61 68 6
61 69 1
61 70 6
61 71 2
61 72 0
61 73 1
61 74 3
61 75 4
61 76 5
61 77 2
61 78 2
61 79 6
61 80 3
61 81 6
61 82 2
61 83 6
61 84 1
61 85 3
61 86 2
61 87 6
61 88 5
61 89 1
61 90 0
61 91 2
61 92 2
61 93 5
61 94 0
61 95 4
61 96 0
61 97 6
61 98 0
61 99 6
62 0 5
62 1 5
62 2 2
62 3 1
62 4 0
62 5 4
62 6 1
62 7 0
62 8 1
62 9 5
62 10 5
62 11 3
62 12 2
62 13 5
62 14 6
62 15 0
62 16 1
62 17 2
62 18 5
62 19 6
62 20 4
62 21 0
62 22 1
62 23 2
62 24 6
62 25 6
62 26 0
62 27 0
62 28 4
62 29 1
62 30 5
62 31 5
62 32 0
62 33 2
62 34 5
62 35 5
62 36 6
62 37 2
62 38 0
62 39 6
62 40 4
62 41 1
62 42 6
62 43 6
62 44 4
62 45 6
62 46 6
62 47 4
62 48 2
62 49 4
62 50 1
62 51 0
62 52 0
62 53 4
62 54 4
62 55 4
62 56 5
62 57 5
62 58 3
62 59 5
62 60 1
62 61 2
62 62 3
62 63 1
62 64 6
62 65 1
62 66 6
62 67 4
62 68 0
62 69 5
62 70 5
62 71 4
62 72 3
62 73 3
62 74 3
62 75 6
62 76 6
62 77 1
62 78 5
62 79 5
62 80 0
62 81 3
62 82 0
62 83 2
62 84 6
62 85 6
62 86 0
62 87 2
62 88 6
62 89 5
62 90 4
62 91 6
62 92 5
62 93 5
62 94 5
62 95 0
62 96 1
62 97 0
62 98 6
62 99 6
63 0 1
63 1 1
63 2 3
63 3 5
63 4 2
63 5 2
63 6 0
63 7 1
63 8 6
63 9 2
63 10 3
63 11 4
63 12 3
63 13 4
63 14 6
63 15 3
63 16 5
63 17 0
63 18 4
63 19 4
63 20 3
63 21 4
63 22 1
63 23 0
63 24 2
63 25 3
63 26 3
63 27 0
63 28 0
63 29 1
63 30 6
63 31 3
63 32 3
63 33 6
63 34 5
63 35 3
63 36 3
63 37 1
63 38 3
63 39 3
63 40 2
63 41 4
63 42 4
63 43 3
63 44 5
63 45 3
63 46 1
63 47 2
63 48 4
63 49 1
63 50 5
63 51 0
63 52 0
63 53 4
63 54 2
63 55 1
63 56 6
63 57 0
63 58 2
63 59 1
63 60 0
63 61 4
63 62 0
63 63 1
63 64 5
63 65 1
63 66 1
63 67 2
63 68 6
63 69 6
63 70 5
63 71 4
63 72 2
63 73 0
63 74 2
63 75 3
63 76 4
63 77 4
63 78 2
63 79 5
63 80 3
63 81 4
63 82 1
63 83 0
63 84 5
63 85 6
63 86 3
63 87 0
63 88 5
63 89 6
63 90 6
63 91 6
63 92 5
63 93 4
63 94 2
63 95 2
63 96 2
63 97 5
63 98 6
63 99 6
64 0 1
64 1 4
64 2 3
64 3 5
64 4 6
64 5 0
64 6 1
64 7 6
64 8 1
64 9 3
64 10 6
64 11 0
64 12 3
64 13 1
64 14 3
64 15 6
64 16 2
64 17 4
64 18 3
64 19 5
64 20 4
64 21 3
64 22 6
64 23 0
64 24 2
64 25 2
64 26 1
64 27 0
64 28 6
64 29 6
64 30 3
64 31 3
64 32 2
64 33 4
64 34 3
64 35 1
64 36 6
64 37 6
64 38 1
64 39 6
64 40 1
64 41 2
64 42 1
64 43 1
64 44 2
64 45 5
64 46 4
64 47 0
64 48 6
64 49 1
64 50 0
64 51 3
64 52 2
64 53 2
64 54 4
64 55 5
64 56 5
64 57 2
64 58 2
64 59 2
64 60 0
64 61 6
64 62 5
64 63 5
64 64 3
64 65 3
64 66 2
64 67 0
64 68 0
64 69 0
64 70 4
64 71 4
64 72 3
64 73 5
64 74 5
64 75 2
64 76 6
64 77 5
64 78 4
64 79 2
64 80 4
64 81 4
64 82 2
64 83 0
64 84 3
64 85 4
64 86 1
64 87 2
64 88 0
64 89 5
64 90 2
64 91 3
64 92 2
64 93 5
64 94 5
64 95 0
64 96 3
64 97 3
64 98 4
64 99 5
65 0 2
65 1 3
65 2 2
65 3 2
65 4 0
65 5 5
65 6 6
65 7 5
65 8 4
65 9 1
65 10 3
65 11 1
65 12 5
65 13 0
65 14 5
65 15 4
65 16 5
65 17 1
65 18 1
65 19 2
65 20 0
65 21 3
65 22 0
65 23 3
65 24 4
65 25 2
65 26 4
65 27 4
65 28 6
65 29 4
65 30 6
65 31 4
65 32 4
65 33 2
65 34 0
65 35 3
65 36 1
65 37 4
65 38 5
65 39 6
65 40 6
65 41 3
65 42 1
65 43 6
65 44 0
65 45 0
65 46 6
65 47 4
65 48 0
65 49 5
65 50 4
65 51 0
65 52 4
65 53 1
65 54 5
65 55 1
65 56 1
65 57 3
65 58 3
65 59 2
65 60 1
65 61 2
65 62 0
65 63 0
65 64 4
65 65 0
65 66 6
65 67 0
65 68 4
65 69 3
65 70 1
65 71 6
65 72 2
65 73 3
65 74 6
65 75 3
65 76 6
65 77 4
65 78 2
65 79 0
65 80 2
65 81 2
65 82 5
65 83 1
65 84 1
65 85 3
65 86 2
65 87 4
65 88 4
65 89 4
65 90 1
65 91 2
65 92 2
65 93 2
65 94 0
65 95 4
65 96 5
65 97 3
65 98 2
65 99 2
66 0 0
66 1 6
66 2 3
66 3 2
66 4 2
66 5 5
66 6 4
66 7 5
66 8 6
66 9 0
66 10 3
66 11 1
66 12 0
66 13 6
66 14 0
66 15 5
66 16 5
66 17 5
66 18 1
66 19 6
66 20 2
66 21 6
66 22 2
66 23 6
66 24 0
66 25 5
66 26 3
66 27 6
66 28 0
66 29 5
66 30 6
66 31 0
66 32 2
66 33 2
66 34 1
66 35 5
66 36 4
66 37 2
66 38 6
66 39 2
66 40 2
66 41 6
66 42 2
66 43 6
66 44 2
66 45 1
66 46 2
66 47 6
66 48 1
66 49 3
66 50 1
66 51 6
66 52 1
66 53 5
66 54 4
66 55 4
66 56 3
66 57 4
66 58 4
66 59 4
66 60 2
66 61 5
66 62 3
66 63 3
66 64 4
66 65 2
66 66 6
66 67 2
66 68 4
66 69 1
66 70 3
66 71 6
66 72 1
66 73 6
66 74 3
66 75 6
66 76 4
66 77 0
66 78 0
66 79 3
66 80 2
66 81 4
66 82 6
66 83 5
66 84 1
66 85 0
66 86 3
66 87 0
66 88 3
66 89 0
66 90 1
66 91 0
66 92 6
66 93 3
66 94 4
66 95 1
66 96 5
66 97 1
66 98 1
66 99 3
67 0 2
67 1 2
67 2 1
67 3 2
67 4 2
67 5 5
67 6 0
67 7 6
67 8 5
67 9 0
67 10 5
67 11 3
67 12 6
67 13 5
67 14 0
67 15 4
67 16 2
67 17 0
67 18 4
67 19 2
67 20 3
67 21 4
67 22 3
67 23 1
67 24 2
67 25 3
67 26 4
67 27 5
67 28 4
67 29 1
67 30 5
67 31 6
67 32 3
67 33 5
67 34 5
67 35 1
67 36 3
67 37 3
67 38 3
67 39 5
67 40 4
67 41 6
67 42 5
67 43 1
67 44 1
67 45 0
67 46 6
67 47 6
67 48 2
67 49 0
67 50 5
67 51 1
67 52 0
67 53 0
67 54 5
67 55 6
67 56 3
67 57 6
67 58 4
67 59 2
67 60 6
67 61 5
67 62 2
67 63 0
67 64 4
67 65 4
67 66 0
67 67 6
67 68 3
67 69 1
67 70 5
67 71 6
67 72 6
67 73 5
67 74 2
67 75 0
67 76 5
67 77 0
67 78 4
67 79 5
67 80 5
67 81 6
67 82 1
67 83 2
67 84 5
67 85 4
67 86 5
67 87 1
67 88 2
67 89 2
67 90 4
67 91 2
67 92 6
67 93 5
67 94 0
67 95 6
67 96 4
67 97 6
67 98 6
67 99 2
68 0 0
68 1 6
68 2 3
68 3 2
68 4 4
68 5 0
68 6 5
68 7 1
68 8 2
68 9 0
68 10 3
68 11 3
68 12 2
68 13 2
68 14 3
68 15 2
68 16 6
68 17 1
68 18 4
68 19 2
68 20 0
68 21 1
68 22 5
68 23 4
68 24 3
68 25 5
68 26 6
68 27 2
68 28 2
68 29 1
68 30 5
68 31 4
68 32 6
68 33 6
68 34 4
68 35 4
68 36 4
68 37 0
68 38 0
68 39 4
68 40 0
68 41 1
68 42 5
68 43 0
68 44 6
68 45 6
68 46 5
68 47 4
68 48 3
68 49 4
68 50 4
68 51 3
68 52 6
68 53 3
68 54 4
68 55 5
68 56 6
68 57 3
68 58 4
68 59 6
68 60 4
68 61 6
68 62 6
68 63 4
68 64 3
68 65 2
68 66 5
68 67 4
68 68 2
68 69 2
68 70 1
68 71 2
68 72 3
68 73 3
68 74 3
68 75 0
68 76 6
68 77 5
68 78 6
68 79 1
68 80 2
68 81 4
68 82 3
68 83 0
68 84 5
68 85 0
68 86 4
68 87 6
68 88 2
68 89 1
68 90 6
68 91 4
68 92 1
68 93 1
68 94 2
68 95 1
68 96 5
68 97 6
68 98 6
68 99 5
69 0 3
69 1 2
69 2 6
69 3 5
69 4 1
69 5 6
69 6 0
69 7 5
69 8 5
69 9 2
69 10 2
69 11 6
69 12 2
69 13 4
69 14 6
69 15 1
69 16 0
69 17 2
69 18 5
69 19 6
69 20 2
69 21 2
69 22 3
69 23 0
69 24 5
69 25 2
69 26 1
69 27 5
69 28 3
69 29 0
69 30 3
69 31 2
69 32 5
69 33 1
69 34 5
69 35 2
69 36 4
69 37 5
69 38 5
69 39 1
69 40 5
69 41 5
69 42 6
69 43 3
69 44 5
69 45 3
69 46 1
69 47 2
69 48 4
69 49 5
69 50 6
69 51 3
69 52 6
69 53 0
69 54 2
69 55 2
69 56 6
69 57 4
69 58 5
69 59 6
69 60 6
69 61 4
69 62 6
69 63 5
69 64 5
69 65 5
69 66 6
69 67 0
69 68 4
69 69 4
69 70 0
69 71 6
69 72 5
69 73 3
69 74 6
69 75 0
69 76 4
69 77 6
69 78 1
69 79 3
69 80 4
69 81 0
69 82 2
69 83 0
69 84 5
69 85 6
69 86 0
69 87 5
69 88 6
69 89 6
69 90 2
69 91 5
69 92 5
69 93 6
69 94 1
69 95 0
69 96 2
69 97 3
69 98 1
69 99 2
70 0 3
70 1 5
70 2 5
70 3 6
70 4 5
70 5 0
70 6 1
70 7 1
70 8 6
70 9 5
70 10 5
70 11 5
70 12 1
70 13 1
70 14 0
70 15 5
70 16 3
70 17 3
70 18 4
70 19 5
70 20 5
70 21 0
70 22 0
70 23 3
70 24 2
70 25 3
70 26 3
70 27 4
70 28 5
70 29 5
70 30 6
70 31 2
70 32 5
70 33 0
70 34 0
70 35 3
70 36 4
70 37 1
70 38 0
70 39 6
70 40 4
70 41 4
70 42 4
70 43 1
70 44 5
70 45 4
70 46 6
70 47 3
70 48 6
70 49 2
70 50 4
70 51 1
70 52 1
70 53 1
70 54 3
70 55 0
70 56 3
70 57 3
70 58 4
70 59 6
70 60 1
70 61 2
70 62 1
70 63 5
70 64 5
70 65 4
70 66 3
70 67 1
70 68 5
70 69 4
70 70 1
70 71 6
70 72 1
70 73 4
70 74 4
70 75 3
70 76 0
70 77 2
70 78 3
70 79 1
70 80 5
70 81 4
70 82 6
70 83 2
70 84 3
70 85 5
70 86 0
70 87 2
70 88 4
70 89 4
70 90 2
70 91 2
70 92 6
70 93 5
70 94 6
70 95 4
70 96 0
70 97 0
70 98 4
70 99 5
71 0 6
71 1 1
71 2 0
71 3 4
71 4 2
71 5 6
71 6 2
71 7 6
71 8 6
71 9 5
71 10 5
71 11 5
71 12 1
71 13 0
71 14 3
71 15 1
71 16 6
71 17 4
71 18 3
71 19 4
71 20 2
71 21 0
71 22 3
71 23 6
71 24 5
71 25 5
71 26 0
71 27 1
71 28 6
71 29 6
71 30 5
71 31 0
71 32 6
71 33 3
71 34 2
71 35 1
71 36 6
71 37 5
71 38 2
71 39 1
71 40 5
71 41 5
71 42 0
71 43 5
71 44 0
71 45 4
71 46 4
71 47 2
71 48 4
71 49 1
71 50 6
71 51 4
71 52 0
71 53 6
71 54 6
71 55 3
71 56 3
71 57 2
71 58 1
71 59 1
71 60 0
71 61 2
71 62 6
71 63 1
71 64 0
71 65 6
71 66 6
71 67 6
71 68 3
71 69 5
71 70 2
71 71 2
71 72 5
71 73 3
71 74 6
71 75 0
71 76 2
71 77 1
71 78 3
71 79 4
71 80 4
71 81 3
71 82 2
71 83 0
71 84 3
71 85 6
71 86 1
71 87 2
71 88 1
71 89 5
71 90 3
71 91 4
71 92 3
71 93 1
71 94 5
71 95 6
71 96 4
71 97 2
71 98 4
71 99 4
72 0 2
72 1 3
72 2 6
72 3 5
72 4 0
72 5 6
72 6 4
72 7 2
72 8 0
72 9 3
72 10 2
72 11 6
72 12 6
72 13 5
72 14 0
72 15 4
72 16 4
72 17 4
72 18 3
72 19 0
72 20 5
72 21 6
72 22 6
72 23 0
72 24 0
72 25 3
72 26 5
72 27 5
72 28 6
72 29 4
72 30 3
72 31 0
72 32 2
72 33 3
72 34 6
72 35 2
72 36 4
72 37 1
72 38 1
72 39 3
72 40 6
72 41 0
72 42 5
72 43 4
72 44 4
72 45 1
72 46 6
72 47 6
72 48 4
72 49 3
72 50 4
72 51 5
72 52 1
72 53 1
72 54 6
72 55 3
72 56 3
72 57 4
72 58 5
72 59 2
72 60 2
72 61 1
72 62 5
72 63 1
72 64 0
72 65 5
72 66 6
72 67 0
72 68 4
72 69 2
72 70 3
72 71 6
72 72 4
72 73 5
72 74 2
72 75 2
72 76 2
72 77 1
72 78 3
72 79 1
72 80 4
72 81 1
72 82 6
72 83 3
72 84 4
72 85 4
72 86 3
72 87 3
72 88 4
72 89 3
72 90 1
72 91 2
72 92 3
72 93 6
72 94 6
72 95 0
72 96 5
72 97 2
72 98 2
72 99 2
73 0 5
73 1 0
73 2 1
73 3 1
73 4 2
73 5 5
73 6 1
73 7 4
73 8 1
73 9 6
73 10 3
73 11 1
73 12 4
73 13 5
73 14 2
73 15 2
73 16 4
73 17 3
73 18 5
73 19 6
73 20 2
73 21 1
73 22 2
73 23 1
73 24 3
73 25 4
73 26 1
73 27 2
73 28 1
73 29 0
73 30 2
73 31 6
73 32 6
73 33 1
73 34 1
73 35 4
73 36 3
73 37 2
73 38 2
73 39 4
73 40 6
73 41 6
73 42 3
73 43 5
73 44 0
73 45 3
73 46 3
73 47 0
73 48 0
73 49 4
73 50 3
73 51 5
73 52 0
73 53 1
73 54 0
73 55 5
73 56 5
73 57 4
73 58 0
73 59 0
73 60 6
73 61 0
73 62 1
73 63 6
73 64 2
73 65 4
73 66 0
73 67 2
73 68 4
73 69 1
73 70 4
73 71 2
73 72 6
73 73 6
73 74 4
73 75 5
73 76 4
73 77 2
73 78 1
73 79 3
73 80 4
73 81 1
73 82 4
73 83 0
73 84 2
73 85 1
73 86 3
73 87 1
73 88 5
73 89 3
73 90 6
73 91 3
73 92 0
73 93 4
73 94 5
73 95 3
73 96 3
73 97 5
73 98 4
73 99 4
74 0 2
74 1 1
74 2 2
74 3 2
74 4 3
74 5 6
74 6 5
74 7 1
74 8 6
74 9 1
74 10 0
74 11 2
74 12 0
74 13 1
74 14 6
74 15 4
74 16 1
74 17 1
74 18 5
74 19 6
74 20 2
74 21 0
74 22 0
74 23 5
74 24 4
74 25 0
74 26 5
74 27 6
74 28 6
74 29 3
74 30 2
74 31 0
74 32 3
74 33 4
74 34 4
74 35 6
74 36 6
74 37 4
74 38 3
74 39 0
74 40 5
74 41 2
74 42 5
74 43 3
74 44 5
74 45 5
74 46 2
74 47 5
74 48 1
74 49 0
74 50 6
74 51 3
74 52 5
74 53 2
74 54 6
74 55 0
74 56 2
74 57 0
74 58 1
74 59 0
74 60 1
74 61 4
74 62 2
74 63 2
74 64 6
74 65 0
74 66 0
74 67 4
74 68 0
74 69 5
74 70 1
74 71 1
74 72 6
74 73 2
74 74 6
74 75 0
74 76 4
74 77 1
74 78 0
74 79 2
74 80 2
74 81 2
74 82 6
74 83 5
74 84 4
74 85 0
74 86 1
74 87 4
74 88 5
74 89 3
74 90 1
74 91 1
74 92 6
74 93 2
74 94 0
74 95 5
74 96 4
74 97 1
74 98 0
74 99 6
75 0 3
75 1 6
75 2 6
75 3 3
75 4 5
75 5 1
75 6 3
75 7 0
75 8 5
75 9 3
75 10 1
75 11 6
75 12 0
75 13 4
75 14 5
75 15 3
75 16 1
75 17 2
75 18 2
75 19 6
75 20 6
75 21 0
75 22 0
75 23 0
75 24 2
75 25 0
75 26 4
75 27 5
75 28 5
75 29 1
75 30 3
75 31 3
75 32 6
75 33 5
75 34 3
75 35 1
75 36 5
75 37 4
75 38 6
75 39 6
75 40 1
75 41 0
75 42 5
75 43 5
75 44 3
75 45 1
75 46 3
75 47 5
75 48 0
75 49 5
75 50 0
75 51 1
75 52 6
75 53 6
75 54 0
75 55 6
75 56 4
75 57 3
75 58 4
75 59 4
75 60 5
75 61 1
75 62 5
75 63 3
75 64 1
75 65 1
75 66 4
75 67 2
75 68 2
75 69 4
75 70 3
75 71 2
75 72 5
75 73 2
75 74 1
75 75 2
75 76 4
75 77 6
75 78 6
75 79 2
75 80 6
75 81 2
75 82 6
75 83 1
75 84 1
75 85 5
75 86 2
75 87 1
75 88 0
75 89 2
75 90 6
75 91 2
75 92 0
75 93 0
75 94 0
75 95 2
75 96 6
75 97 0
75 98 3
75 99 4
76 0 0
76 1 4
76 2 3
76 3 3
76 4 5
76 5 5
76 6 3
76 7 2
76 8 1
76 9 4
76 10 6
76 11 5
76 12 2
76 13 5
76 14 2
76 15 5
76 16 0
76 17 4
76 18 4
76 19 2
76 20 6
76 21 4
76 22 3
76 23 2
76 24 6
76 25 4
76 26 0
76 27 3
76 28 0
76 29 3
76 30 0
76 31 5
76 32 6
76 33 2
76 34 6
76 35 5
76 36 0
76 37 3
76 38 4
76 39 0
76 40 0
76 41 1
76 42 6
76 43 6
76 44 6
76 45 4
76 46 3
76 47 5
76 48 1
76 49 4
76 50 3
76 51 4
76 52 6
76 53 5
76 54 6
76 55 5
76 56 2
76 57 2
76 58 0
76 59 0
76 60 4
76 61 4
76 62 1
76 63 1
76 64 0
76 65 3
76 66 5
76 67 5
76 68 2
76 69 1
76 70 0
76 71 2
76 72 5
76 73 6
76 74 1
76 75 3
76 76 5
76 77 2
76 78 5
76 79 6
76 80 1
76 81 6
76 82 2
76 83 6
76 84 1
76 85 4
76 86 2
76 87 0
76 88 2
76 89 5
76 90 6
76 91 3
76 92 4
76 93 1
76 94 6
76 95 3
76 96 4
76 97 4
76 98 1
76 99 1
77 0 3
77 1 3
77 2 5
77 3 0
77 4 4
77 5 5
77 6 1
77 7 5
77 8 1
77 9 0
77 10 2
77 11 5
77 12 2
77 13 5
77 14 1
77 15 0
77 16 3
77 17 6
77 18 4
77 19 2
77 20 6
77 21 0
77 22 0
77 23 5
77 24 3
77 25 4
77 26 4
77 27 3
77 28 5
77 29 2
77 30 3
77 31 2
77 32 1
77 33 4
77 34 3
77 35 5
77 36 1
77 37 4
77 38 3
77 39 3
77 40 6
77 41 2
77 42 1
77 43 4
77 44 0
77 45 6
77 46 0
77 47 4
77 48 2
77 49 2
77 50 4
77 51 5
77 52 6
77 53 4
77 54 6
77 55 4
77 56 0
77 57 4
77 58 4
77 59 5
77 60 5
77 61 2
77 62 5
77 63 0
77 64 3
77 65 0
77 66 6
77 67 4
77 68 1
77 69 5
77 70 4
77 71 4
77 72 6
77 73 2
77 74 0
77 75 6
77 76 2
77 77 5
77 78 1
77 79 4
77 80 5
77 81 3
77 82 3
77 83 2
77 84 1
77 85 5
77 86 2
77 87 1
77 88 6
77 89 2
77 90 5
77 91 5
77 92 2
77 93 4
77 94 6
77 95 6
77 96 5
77 97 2
77 98 3
77 99 1
78 0 1
78 1 5
78 2 1
78 3 5
78 4 4
78 5 4
78 6 5
78 7 6
78 8 5
78 9 5
78 10 0
78 11 1
78 12 6
78 13 4
78 14 0
78 15 1
78 16 4
78 17 3
78 18 5
78 19 1
78 20 6
78 21 0
78 22 1
78 23 0
78 24 3
78 25 6
78 26 0
78 27 6
78 28 6
78 29 2
78 30 6
78 31 0
78 32 4
78 33 2
78 34 6
78 35 3
78 36 4
78 37 3
78 38 5
78 39 3
78 40 6
78 41 1
78 42 4
78 43 5
78 44 5
78 45 5
78 46 0
78 47 2
78 48 6
78 49 2
78 50 4
78 51 5
78 52 5
78 53 2
78 54 3
78 55 4
78 56 0
78 57 5
78 58 6
78 59 4
78 60 3
78 61 5
78 62 3
78 63 1
78 64 5
78 65 5
78 66 3
78 67 2
78 68 3
78 69 3
78 70 0
78 71 1
78 72 3
78 73 2
78 74 0
78 75 1
78 76 1
78 77 2
78 78 2
78 79 4
78 80 4
78 81 0
78 82 1
78 83 0
78 84 1
78 85 6
78 86 5
78 87 6
78 88 4
78 89 1
78 90 3
78 91 3
78 92 6
78 93 1
78 94 0
78 95 3
78 96 3
78 97 2
78 98 0
78 99 0
79 0 0
79 1 1
79 2 5
79 3 2
79 4 0
79 5 5
79 6 1
79 7 2
79 8 3
79 9 2
79 10 6
79 11 3
79 12 2
79 13 1
79 14 6
79 15 5
79 16 2
79 17 0
79 18 1
79 19 4
79 20 0
79 21 6
79 22 5
79 23 4
79 24 3
79 25 4
79 26 1
79 27 1
79 28 3
79 29 0
79 30 3
79 31 6
79 32 3
79 33 6
79 34 0
79 35 4
79 36 4
79 37 5
79 38 1
79 39 0
79 40 0
79 41 2
79 42 2
79 43 1
79 44 1
79 45 1
79 46 2
79 47 4
79 48 2
79 49 3
79 50 2
79 51 0
79 52 0
79 53 0
79 54 1
79 55 6
79 56 3
79 57 1
79 58 3
79 59 6
79 60 3
79 61 3
79 62 4
79 63 1
79 64 6
79 65 3
79 66 5
79 67 3
79 68 4
79 69 6
79 70 5
79 71 0
79 72 2
79 73 6
79 74 3
79 75 3
79 76 5
79 77 3
79 78 5
79 79 6
79 80 6
79 81 0
79 82 2
79 83 4
79 84 5
79 85 3
79 86 1
79 87 2
79 88 2
79 89 2
79 90 6
79 91 1
79 92 3
79 93 6
79 94 2
79 95 3
79 96 1
79 97 3
79 98 1
79 99 2
80 0 1
80 1 1
80 2 0
80 3 0
80 4 3
80 5 1
80 6 0
80 7 6
80 8 6
80 9 3
80 10 6
80 11 3
80 12 5
80 13 2
80 14 6
80 15 2
80 16 6
80 17 0
80 18 5
80 19 3
80 20 6
80 21 3
80 22 3
80 23 1
80 24 2
80 25 3
80 26 1
80 27 0
80 28 6
80 29 3
80 30 0
80 31 4
80 32 1
80 33 5
80 34 1
80 35 1
80 36 1
80 37 6
80 38 6
80 39 1
80 40 0
80 41 1
80 42 3
80 43 1
80 44 0
80 45 6
80 46 5
80 47 3
80 48 5
80 49 4
80 50 0
80 51 2
80 52 0
80 53 5
80 54 0
80 55 4
80 56 2
80 57 6
80 58 5
80 59 2
80 60 2
80 61 0
80 62 5
80 63 1
80 64 4
80 65 1
80 66 2
80 67 1
80 68 1
80 69 5
80 70 0
80 71 6
80 72 5
80 73 6
80 74 4
80 75 3
80 76 0
80 77 5
80 78 2
80 79 3
80 80 0
80 81 5
80 82 4
80 83 0
80 84 6
80 85 5
80 86 0
80 87 0
80 88 3
80 89 4
80 90 3
80 91 5
80 92 4
80 93 6
80 94 6
80 95 4
80 96 3
80 97 6
80 98 1
80 99 1
81 0 3
81 1 1
81 2 1
81 3 3
81 4 6
81 5 6
81 6 2
81 7 6
81 8 4
81 9 5
81 10 6
81 11 5
81 12 6
81 13 2
81 14 0
81 15 3
81 16 6
81 17 5
81 18 3
81 19 3
81 20 3
81 21 5
81 22 2
81 23 2
81 24 2
81 25 2
81 26 1
81 27 6
81 28 1
81 29 1
81 30 5
81 31 1
81 32 4
81 33 6
81 34 6
81 35 6
81 36 6
81 37 2
81 38 6
81 39 0
81 40 4
81 41 4
81 42 1
81 43 4
81 44 2
81 45 5
81 46 6
81 47 6
81 48 2
81 49 2
81 50 2
81 51 1
81 52 5
81 53 6
81 54 4
81 55 5
81 56 1
81 57 1
81 58 3
81 59 4
81 60 4
81 61 5
81 62 6
81 63 0
81 64 0
81 65 4
81 66 5
81 67 2
81 68 0
81 69 2
81 70 4
81 71 5
81 72 5
81 73 1
81 74 2
81 75 6
81 76 4
81 77 3
81 78 2
81 79 3
81 80 0
81 81 0
81 82 6
81 83 3
81 84 0
81 85 5
81 86 0
81 87 0
81 88 3
81 89 3
81 90 4
81 91 4
81 92 6
81 93 4
81 94 5
81 95 1
81 96 6
81 97 3
81 98 6
81 99 3
82 0 6
82 1 3
82 2 0
82 3 5
82 4 1
82 5 3
82 6 5
82 7 0
82 8 4
82 9 0
82 10 3
82 11 4
82 12 2
82 13 6
82 14 1
82 15 2
82 16 4
82 17 6
82 18 1
82 19 1
82 20 3
82 21 4
82 22 2
82 23 5
82 24 0
82 25 1
82 26 3
82 27 5
82 28 2
82 29 4
82 30 5
82 31 5
82 32 5
82 33 6
82 34 0
82 35 1
82 36 0
82 37 6
82 38 4
82 39 4
82 40 3
82 41 0
82 42 4
82 43 5
82 44 1
82 45 4
82 46 6
82 47 5
82 48 4
82 49 3
82 50 2
82 51 4
82 52 2
82 53 2
82 54 2
82 55 1
82 56 4
82 57 4
82 58 1
82 59 0
82 60 1
82 61 6
82 62 1
82 63 0
82 64 5
82 65 1
82 66 1
82 67 0
82 68 5
82 69 6
82 70 5
82 71 0
82 72 4
82 73 6
82 74 0
82 75 4
82 76 6
82 77 6
82 78 6
82 79 6
82 80 4
82 81 6
82 82 5
82 83 3
82 84 6
82 85 4
82 86 2
82 87 6
82 88 3
82 89 5
82 90 3
82 91 2
82 92 2
82 93 0
82 94 0
82 95 1
82 96 0
82 97 2
82 98 3
82 99 4
83 0 5
83 1 2
83 2 5
83 3 6
83 4 6
83 5 6
83 6 6
83 7 3
83 8 2
83 9 1
83 10 6
83 11 5
83 12 1
83 13 2
83 14 3
83 15 0
83 16 4
83 17 1
83 18 1
83 19 3
83 20 1
83 21 4
83 22 4
83 23 6
83 24 2
83 25 1
83 26 5
83 27 4
83 28 4
83 29 1
83 30 0
83 31 5
83 32 0
83 33 0
83 34 2
83 35 6
83 36 0
83 37 3
83 38 4
83 39 5
83 40 3
83 41 3
83 42 2
83 43 0
83 44 6
83 45 3
83 46 1
83 47 0
83 48 2
83 49 4
83 50 5
83 51 6
83 52 4
83 53 4
83 54 5
83 55 6
83 56 3
83 57 0
83 58 5
83 59 4
83 60 3
83 61 5
83 62 1
83 63 2
83 64 6
83 65 2
83 66 3
83 67 4
83 68 2
83 69 2
83 70 3
83 71 1
83 72 2
83 73 0
83 74 6
83 75 4
83 76 3
83 77 2
83 78 4
83 79 6
83 80 2
83 81 5
83 82 0
83 83 5
83 84 2
83 85 6
83 86 1
83 87 3
83 88 2
83 89 3
83 90 0
83 91 1
83 92 0
83 93 6
83 94 0
83 95 6
83 96 4
83 97 5
83 98 3
83 99 0
84 0 1
84 1 3
84 2 5
84 3 5
84 4 5
84 5 0
84 6 5
84 7 3
84 8 0
84 9 3
84 10 2
84 11 6
84 12 6
84 13 5
84 14 0
84 15 5
84 16 1
84 17 4
84 18 2
84 19 4
84 20 6
84 21 1
84 22 1
84 23 4
84 24 6
84 25 6
84 26 6
84 27 2
84 28 5
84 29 2
84 30 5
84 31 0
84 32 0
84 33 0
84 34 0
84 35 5
84 36 1
84 37 0
84 38 5
84 39 2
84 40 0
84 41 2
84 42 0
84 43 0
84 44 5
84 45 4
84 46 2
84 47 3
84 48 5
84 49 0
84 50 4
84 51 4
84 52 1
84 53 6
84 54 6
84 55 3
84 56 6
84 57 1
84 58 0
84 59 0
84 60 5
84 61 5
84 62 3
84 63 3
84 64 0
84 65 0
84 66 2
84 67 2
84 68 0
84 69 3
84 70 5
84 71 2
84 72 5
84 73 4
84 74 6
84 75 6
84 76 2
84 77 4
84 78 3
84 79 1
84 80 5
84 81 0
84 82 6
84 83 2
84 84 2
84 85 5
84 86 1
84 87 2
84 88 6
84 89 4
84 90 5
84 91 3
84 92 3
84 93 4
84 94 6
84 95 3
84 96 0
84 97 3
84 98 4
84 99 0
85 0 0
85 1 4
85 2 6
85 3 4
85 4 0
85 5 1
85 6 0
85 7 1
85 8 1
85 9 3
85 10 0
85 11 5
85 12 0
85 13 4
85 14 2
85 15 6
85 16 6
85 17 4
85 18 2
85 19 4
85 20 5
85 21 1
85 22 1
85 23 1
85 24 1
85 25 0
85 26 0
85 27 1
85 28 5
85 29 3
85 30 5
85 31 4
85 32 3
85 33 2
85 34 0
85 35 4
85 36 0
85 37 1
85 38 6
85 39 3
85 40 6
85 41 0
85 42 5
85 43 6
85 44 6
85 45 5
85 46 3
85 47 4
85 48 6
85 49 5
85 50 3
85 51 6
85 52 0
85 53 0
85 54 0
85 55 0
85 56 0
85 57 2
85 58 5
85 59 3
85 60 0
85 61 4
85 62 4
85 63 1
85 64 2
85 65 0
85 66 4
85 67 4
85 68 6
85 69 2
85 70 2
85 71 4
85 72 3
85 73 3
85 74 0
85 75 4
85 76 1
85 77 1
85 78 4
85 79 4
85 80 0
85 81 4
85 82 1
85 83 1
85 84 0
85 85 6
85 86 1
85 87 0
85 88 2
85 89 4
85 90 2
85 91 0
85 92 1
85 93 6
85 94 3
85 95 4
85 96 6
85 97 2
85 98 5
85 99 6
86 0 2
86 1 3
86 2 3
86 3 1
86 4 1
86 5 1
86 6 0
86 7 5
86 8 5
86 9 2
86 10 6
86 11 5
86 12 2
86 13 1
86 14 6
86 15 4
86 16 4
86 17 5
86 18 0
86 19 3
86 20 5
86 21 3
86 22 0
86 23 0
86 24 4
86 25 3
86 26 5
86 27 4
86 28 4
86 29 4
86 30 6
86 31 4
86 32 6
86 33 2
86 34 6
86 35 5
86 36 1
86 37 2
86 38 4
86 39 4
86 40 1
86 41 4
86 42 1
86 43 4
86 44 2
86 45 6
86 46 6
86 47 0
86 48 3
86 49 0
86 50 5
86 51 5
86 52 3
86 53 2
86 54 0
86 55 5
86 56 6
86 57 3
86 58 1
86 59 0
86 60 0
86 61 1
86 62 6
86 63 0
86 64 5
86 65 2
86 66 2
86 67 3
86 68 2
86 69 5
86 70 4
86 71 6
86 72 3
86 73 6
86 74 0
86 75 0
86 76 4
86 77 5
86 78 3
86 79 3
86 80 5
86 81 5
86 82 2
86 83 5
86 84 1
86 85 3
86 86 1
86 87 4
86 88 6
86 89 4
86 90 2
86 91 1
86 92 3
86 93 5
86 94 4
86 95 3
86 96 3
86 97 0
86 98 4
86 99 0
87 0 2
87 1 0
87 2 6
87 3 4
87 4 3
87 5 5
87 6 2
87 7 5
87 8 3
87 9 2
87 10 3
87 11 1
87 12 5
87 13 4
87 14 4
87 15 2
87 16 4
87 17 0
87 18 2
87 19 1
87 20 5
87 21 0
87 22 2
87 23 1
87 24 1
87 25 1
87 26 4
87 27 5
87 28 4
87 29 1
87 30 5
87 31 4
87 32 2
87 33 4
87 34 2
87 35 3
87 36 2
87 37 4
87 38 0
87 39 4
87 40 1
87 41 3
87 42 5
87 43 1
87 44 1
87 45 0
87 46 2
87 47 4
87 48 2
87 49 1
87 50 6
87 51 5
87 52 4
87 53 5
87 54 6
87 55 3
87 56 1
87 57 0
87 58 3
87 59 1
87 60 2
87 61 1
87 62 6
87 63 1
87 64 5
87 65 1
87 66 2
87 67 0
87 68 6
87 69 3
87 70 4
87 71 2
87 72 5
87 73 4
87 74 0
87 75 3
87 76 2
87 77 3
87 78 2
87 79 6
87 80 5
87 81 2
87 82 6
87 83 0
87 84 1
87 85 0
87 86 4
87 87 6
87 88 0
87 89 4
87 90 0
87 91 6
87 92 4
87 93 1
87 94 5
87 95 3
87 96 0
87 97 6
87 98 2
87 99 6
88 0 6
88 1 2
88 2 1
88 3 5
88 4 1
88 5 6
88 6 5
88 7 5
88 8 1
88 9 1
88 10 5
88 11 2
88 12 6
88 13 1
88 14 4
88 15 1
88 16 6
88 17 3
88 18 3
88 19 3
88 20 0
88 21 5
88 22 6
88 23 4
88 24 1
88 25 5
88 26 1
88 27 2
88 28 0
88 29 0
88 30 2
88 31 0
88 32 3
88 33 2
88 34 4
88 35 2
88 36 6
88 37 6
88 38 0
88 39 3
88 40 5
88 41 5
88 42 5
88 43 2
88 44 6
88 45 3
88 46 2
88 47 3
88 48 3
88 49 5
88 50 4
88 51 2
88 52 2
88 53 5
88 54 3
88 55 0
88 56 4
88 57 0
88 58 6
88 59 6
88 60 6
88 61 3
88 62 6
88 63 1
88 64 5
88 65 6
88 66 4
88 67 6
88 68 3
88 69 5
88 70 0
88 71 5
88 72 1
88 73 2
88 74 3
88 75 6
88 76 2
88 77 4
88 78 5
88 79 4
88 80 4
88 81 2
88 82 0
88 83 6
88 84 2
88 85 4
88 86 5
88 87 1
88 88 2
88 89 3
88 90 0
88 91 2
88 92 1
88 93 1
88 94 5
88 95 4
88 96 5
88 97 4
88 98 5
88 99 5
89 0 1
89 1 5
89 2 2
89 3 2
89 4 3
89 5 6
89 6 4
89 7 4
89 8 4
89 9 2
89 10 6
89 11 0
89 12 0
89 13 3
89 14 0
89 15 4
89 16 5
89 17 3
89 18 0
89 19 5
89 20 5
89 21 1
89 22 3
89 23 4
89 24 4
89 25 1
89 26 4
89 27 1
89 28 4
89 29 6
89 30 2
89 31 6
89 32 2
89 33 0
89 34 2
89 35 1
89 36 1
89 37 0
89 38 6
89 39 0
89 40 4
89 41 3
89 42 1
89 43 4
89 44 4
89 45 0
89 46 5
89 47 1
89 48 3
89 49 2
89 50 2
89 51 6
89 52 0
89 53 3
89 54 0
89 55 0
89 56 3
89 57 2
89 58 1
89 59 6
89 60 6
89 61 5
89 62 4
89 63 2
89 64 3
89 65 5
89 66 5
89 67 4
89 68 3
89 69 0
89 70 0
89 71 3
89 72 3
89 73 0
89 74 3
89 75 4
89 76 4
89 77 0
89 78 1
89 79 1
89 80 1
89 81 0
89 82 0
89 83 1
89 84 1
89 85 5
89 86 1
89 87 1
89 88 3
89 89 2
89 90 2
89 91 1
89 92 6
89 93 3
89 94 2
89 95 0
89 96 2
89 97 2
89 98 4
89 99 1
90 0 5
90 1 1
90 2 4
90 3 0
90 4 4
90 5 1
90 6 2
90 7 4
90 8 0
90 9 2
90 10 1
90 11 0
90 12 3
90 13 3
90 14 6
90 15 5
90 16 3
90 17 0
90 18 5
90 19 2
90 20 4
90 21 0
90 22 4
90 23 2
90 24 6
90 25 4
90 26 5
90 27 3
90 28 5
90 29 4
90 30 0
90 31 1
90 32 0
90 33 5
90 34 5
90 35 3
90 36 3
90 37 2
90 38 1
90 39 0
90 40 2
90 41 0
90 42 3
90 43 1
90 44 0
90 45 5
90 46 6
90 47 5
90 48 0
90 49 4
90 50 3
90 51 0
90 52 5
90 53 3
90 54 3
90 55 5
90 56 5
90 57 2
90 58 4
90 59 5
90 60 4
90 61 5
90 62 3
90 63 1
90 64 5
90 65 5
90 66 4
90 67 3
90 68 0
90 69 5
90 70 2
90 71 4
90 72 3
90 73 6
90 74 0
90 75 2
90 76 2
90 77 0
90 78 3
90 79 6
90 80 2
90 81 0
90 82 6
90 83 3
90 84 4
90 85 1
90 86 0
90 87 6
90 88 6
90 89 0
90 90 3
90 91 3
90 92 5
90 93 2
90 94 0
90 95 4
90 96 2
90 97 4
90 98 2
90 99 2
91 0 2
91 1 6
91 2 4
91 3 4
91 4 4
91 5 1
91 6 1
91 7 5
91 8 0
91 9 0
91 10 6
91 11 2
91 12 5
91 13 0
91 14 6
91 15 6
91 16 4
91 17 4
91 18 0
91 19 6
91 20 5
91 21 5
91 22 4
91 23 6
91 24 2
91 25 3
91 26 1
91 27 2
91 28 5
91 29 0
91 30 2
91 31 4
91 32 0
91 33 1
91 34 1
91 35 4
91 36 0
91 37 3
91 38 3
91 39 3
91 40 3
91 41 0
91 42 4
91 43 6
91 44 1
91 45 2
91 46 3
91 47 5
91 48 0
91 49 6
91 50 2
91 51 4
91 52 6
91 53 2
91 54 1
91 55 6
91 56 3
91 57 6
91 58 6
91 59 2
91 60 3
91 61 5
91 62 4
91 63 5
91 64 0
91 65 4
91 66 6
91 67 2
91 68 3
91 69 1
91 70 3
91 71 3
91 72 6
91 73 3
91 74 1
91 75 1
91 76 2
91 77 5
91 78 0
91 79 4
91 80 4
91 81 5
91 82 0
91 83 3
91 84 4
91 85 4
91 86 0
91 87 6
91 88 3
91 89 6
91 90 6
91 91 5
91 92 1
91 93 2
91 94 0
91 95 1
91 96 2
91 97 4
91 98 6
91 99 0
92 0 6
92 1 2
92 2 2
92 3 3
92 4 5
92 5 4
92 6 1
92 7 5
92 8 1
92 9 1
92 10 3
92 11 2
92 12 5
92 13 2
92 14 1
92 15 5
92 16 5
92 17 3
92 18 2
92 19 5
92 20 4
92 21 3
92 22 2
92 23 2
92 24 5
92 25 5
92 26 1
92 27 3
92 28 4
92 29 0
92 30 5
92 31 3
92 32 4
92 33 0
92 34 4
92 35 6
92 36 2
92 37 5
92 38 5
92 39 2
92 40 3
92 41 3
92 42 4
92 43 1
92 44 5
92 45 2
92 46 2
92 47 5
92 48 1
92 49 5
92 50 0
92 51 2
92 52 6
92 53 4
92 54 6
92 55 1
92 56 5
92 57 1
92 58 3
92 59 3
92 60 4
92 61 5
92 62 6
92 63 6
92 64 3
92 65 6
92 66 3
92 67 1
92 68 3
92 69 1
92 70 5
92 71 0
92 72 6
92 73 4
92 74 3
92 75 3
92 76 6
92 77 3
92 78 4
92 79 0
92 80 4
92 81 5
92 82 2
92 83 0
92 84 2
92 85 5
92 86 0
92 87 3
92 88 2
92 89 6
92 90 6
92 91 0
92 92 6
92 93 5
92 94 0
92 95 0
92 96 4
92 97 6
92 98 5
92 99 5
93 0 4
93 1 3
93 2 2
93 3 6
93 4 6
93 5 6
93 6 2
93 7 4
93 8 1
93 9 3
93 10 1
93 11 4
93 12 4
93 13 1
93 14 6
93 15 1
93 16 0
93 17 1
93 18 4
93 19 5
93 20 1
93 21 4
93 22 5
93 23 5
93 24 5
93 25 4
93 26 5
93 27 6
93 28 4
93 29 4
93 30 3
93 31 6
93 32 2
93 33 3
93 34 5
93 35 5
93 36 2
93 37 0
93 38 5
93 39 6
93 40 1
93 41 3
93 42 4
93 43 3
93 44 5
93 45 0
93 46 4
93 47 0
93 48 1
93 49 0
93 50 2
93 51 3
93 52 0
93 53 3
93 54 3
93 55 3
93 56 3
93 57 3
93 58 3
93 59 6
93 60 1
93 61 1
93 62 1
93 63 5
93 64 3
93 65 0
93 66 2
93 67 5
93 68 4
93 69 6
93 70 2
93 71 2
93 72 4
93 73 2
93 74 1
93 75 1
93 76 1
93 77 3
93 78 4
93 79 5
93 80 3
93 81 3
93 82 6
93 83 6
93 84 2
93 85 2
93 86 0
93 87 1
93 88 5
93 89 6
93 90 6
93 91 2
93 92 5
93 93 4
93 94 1
93 95 3
93 96 3
93 97 2
93 98 4
93 99 6
94 0 2
94 1 3
94 2 3
94 3 3
94 4 3
94 5 6
94 6 3
94 7 2
94 8 6
94 9 1
94 10 0
94 11 3
94 12 2
94 13 3
94 14 6
94 15 1
94 16 6
94 17 3
94 18 0
94 19 0
94 20 0
94 21 3
94 22 1
94 23 0
94 24 0
94 25 4
94 26 0
94 27 2
94 28 2
94 29 5
94 30 4
94 31 0
94 32 2
94 33 6
94 34 4
94 35 4
94 36 5
94 37 3
94 38 4
94 39 0
94 40 2
94 41 2
94 42 6
94 43 2
94 44 3
94 45 4
94 46 4
94 47 4
94 48 6
94 49 4
94 50 1
94 51 1
94 52 3
94 53 6
94 54 2
94 55 4
94 56 2
94 57 4
94 58 2
94 59 4
94 60 3
94 61 6
94 62 3
94 63 3
94 64 1
94 65 2
94 66 2
94 67 2
94 68 0
94 69 1
94 70 5
94 71 1
94 72 4
94 73 1
94 74 2
94 75 1
94 76 0
94 77 6
94 78 5
94 79 6
94 80 4
94 81 1
94 82 4
94 83 1
94 84 0
94 85 0
94 86 3
94 87 1
94 88 2
94 89 6
94 90 5
94 91 3
94 92 3
94 93 4
94 94 2
94 95 3
94 96 4
94 97 5
94 98 1
94 99 1
95 0 0
95 1 0
95 2 1
95 3 4
95 4 5
95 5 4
95 6 4
95 7 6
95 8 0
95 9 6
95 10 4
95 11 3
95 12 3
95 13 0
95 14 4
95 15 0
95 16 5
95 17 4
95 18 1
95 19 0
95 20 5
95 21 1
95 22 6
95 23 6
95 24 5
95 25 4
95 26 1
95 27 3
95 28 0
95 29 6
95 30 1
95 31 4
95 32 0
95 33 2
95 34 5
95 35 2
95 36 3
95 37 1
95 38 3
95 39 3
95 40 3
95 41 6
95 42 5
95 43 4
95 44 0
95 45 6
95 46 3
95 47 3
95 48 5
95 49 2
95 50 1
95 51 2
95 52 4
95 53 6
95 54 6
95 55 2
95 56 6
95 57 6
95 58 5
95 59 6
95 60 2
95 61 6
95 62 4
95 63 6
95 64 4
95 65 2
95 66 6
95 67 5
95 68 0
95 69 4
95 70 0
95 71 3
95 72 5
95 73 2
95 74 0
95 75 5
95 76 6
95 77 0
95 78 4
95 79 6
95 80 0
95 81 5
95 82 2
95 83 1
95 84 5
95 85 0
95 86 1
95 87 5
95 88 2
95 89 4
95 90 2
95 91 1
95 92 4
95 93 5
95 94 4
95 95 6
95 96 3
95 97 4
95 98 1
95 99 2
96 0 4
96 1 2
96 2 2
96 3 1
96 4 3
96 5 1
96 6 5
96 7 2
96 8 3
96 9 5
96 10 0
96 11 1
96 12 5
96 13 5
96 14 6
96 15 2
96 16 0
96 17 2
96 18 6
96 19 0
96 20 3
96 21 4
96 22 2
96 23 1
96 24 0
96 25 4
96 26 5
96 27 6
96 28 6
96 29 6
96 30 5
96 31 2
96 32 1
96 33 1
96 34 2
96 35 1
96 36 3
96 37 2
96 38 1
96 39 5
96 40 3
96 41 1
96 42 4
96 43 5
96 44 4
96 45 5
96 46 3
96 47 0
96 48 2
96 49 4
96 50 1
96 51 5
96 52 5
96 53 3
96 54 4
96 55 1
96 56 5
96 57 1
96 58 3
96 59 1
96 60 6
96 61 4
96 62 2
96 63 6
96 64 5
96 65 5
96 66 2
96 67 6
96 68 0
96 69 1
96 70 1
96 71 5
96 72 3
96 73 1
96 74 4
96 75 6
96 76 2
96 77 3
96 78 3
96 79 4
96 80 5
96 81 2
96 82 1
96 83 1
96 84 4
96 85 0
96 86 4
96 87 4
96 88 5
96 89 0
96 90 2
96 91 4
96 92 4
96 93 6
96 94 0
96 95 6
96 96 5
96 97 3
96 98 3
96 99 4
97 0 1
97 1 3
97 2 6
97 3 1
97 4 2
97 5 4
97 6 5
97 7 6
97 8 5
97 9 5
97 10 6
97 11 1
97 12 1
97 13 5
97 14 3
97 15 6
97 16 3
97 17 1
97 18 0
97 19 4
97 20 3
97 21 2
97 22 1
97 23 0
97 24 3
97 25 1
97 26 6
97 27 4
97 28 2
97 29 5
97 30 6
97 31 0
97 32 0
97 33 3
97 34 2
97 35 2
97 36 5
97 37 4
97 38 3
97 39 1
97 40 3
97 41 0
97 42 6
97 43 3
97 44 2
97 45 3
97 46 1
97 47 5
97 48 5
97 49 4
97 50 1
97 51 2
97 52 2
97 53 6
97 54 1
97 55 0
97 56 2
97 57 6
97 58 4
97 59 6
97 60 0
97 61 3
97 62 6
97 63 5
97 64 0
97 65 0
97 66 4
97 67 0
97 68 3
97 69 5
97 70 6
97 71 3
97 72 2
97 73 0
97 74 6
97 75 5
97 76 0
97 77 4
97 78 2
97 79 2
97 80 2
97 81 2
97 82 4
97 83 2
97 84 4
97 85 0
97 86 3
97 87 0
97 88 2
97 89 5
97 90 3
97 91 3
97 92 0
97 93 2
97 94 2
97 95 0
97 96 5
97 97 5
97 98 5
97 99 0
98 0 2
98 1 6
98 2 6
98 3 0
98 4 5
98 5 3
98 6 0
98 7 1
98 8 0
98 9 0
98 10 0
98 11 4
98 12 2
98 13 1
98 14 3
98 15 5
98 16 2
98 17 0
98 18 1
98 19 2
98 20 6
98 21 2
98 22 0
98 23 5
98 24 6
98 25 0
98 26 3
98 27 0
98 28 0
98 29 1
98 30 6
98 31 4
98 32 6
98 33 6
98 34 2
98 35 6
98 36 3
98 37 3
98 38 1
98 39 5
98 40 4
98 41 5
98 42 0
98 43 1
98 44 3
98 45 0
98 46 0
98 47 4
98 48 5
98 49 6
98 50 1
98 51 1
98 52 0
98 53 0
98 54 4
98 55 4
98 56 5
98 57 2
98 58 1
98 59 6
98 60 1
98 61 5
98 62 4
98 63 3
98 64 2
98 65 2
98 66 2
98 67 1
98 68 3
98 69 6
98 70 5
98 71 4
98 72 3
98 73 3
98 74 1
98 75 3
98 76 1
98 77 4
98 78 4
98 79 3
98 80 4
98 81 0
98 82 1
98 83 5
98 84 0
98 85 0
98 86 1
98 87 1
98 88 6
98 89 1
98 90 1
98 91 4
98 92 3
98 93 2
98 94 1
98 95 5
98 96 1
98 97 0
98 98 1
98 99 1
99 0 3
99 1 6
99 2 6
99 3 3
99 4 1
99 5 4
99 6 1
99 7 6
99 8 1
99 9 5
99 10 5
99 11 2
99 12 6
99 13 2
99 14 5
99 15 4
99 16 3
99 17 3
99 18 0
99 19 6
99 20 3
99 21 2
99 22 6
99 23 3
99 24 2
99 25 3
99 26 2
99 27 1
99 28 2
99 29 0
99 30 2
99 31 0
99 32 4
99 33 0
99 34 2
99 35 1
99 36 4
99 37 0
99 38 3
99 39 0
99 40 4
99 41 6
99 42 2
99 43 4
99 44 0
99 45 0
99 46 1
99 47 1
99 48 4
99 49 5
99 50 5
99 51 2
99 52 5
99 53 6
99 54 0
99 55 2
99 56 2
99 57 0
99 58 3
99 59 1
99 60 2
99 61 1
99 62 2
99 63 6
99 64 0
99 65 6
99 66 2
99 67 6
99 68 0
99 69 0
99 70 3
99 71 2
99 72 1
99 73 4
99 74 0
99 75 2
99 76 3
99 77 4
99 78 5
99 79 6
99 80 2
99 81 2
99 82 3
99 83 6
99 84 3
99 85 6
99 86 1
99 87 3
99 88 5
99 89 5
99 90 0
99 91 3
99 92 2
99 93 6
99 94 0
99 95 4
99 96 0
99 97 6
99 98 6
99 99 3
